<?xml version="1.0" encoding="utf-8"?>
<COLLADA xmlns="http://www.collada.org/2005/11/COLLADASchema" version="1.4.1">
  <asset>
    <contributor>
      <author>Mixamo</author>
      <authoring_tool>COLLADA Mixamo exporter</authoring_tool>
      <comments/>
    </contributor>
    <created>2025-08-15T12:05:28Z</created>
    <modified>2025-08-15T12:05:28Z</modified>
    <revision/>
    <title/>
    <unit meter="0.010000"/>
    <up_axis>Y_UP</up_axis>
  </asset>
  <library_animations>
    <animation id="mixamorig_Hips-anim" name="mixamorig_Hips">
      <source id="mixamorig_Hips-Matrix-animation-input">
        <float_array id="mixamorig_Hips-Matrix-animation-input-array" count="196">

0.000000 0.033333 0.066667 0.100000 0.133333 0.166667 0.200000 0.233333 0.266667 0.300000 0.333333 0.366667 0.400000 0.433333 0.466667 0.500000
0.533333 0.566667 0.600000 0.633333 0.666667 0.700000 0.733333 0.766667 0.800000 0.833333 0.866667 0.900000 0.933333 0.966667 1.000000 1.033333
1.066667 1.100000 1.133333 1.166667 1.200000 1.233333 1.266667 1.300000 1.333333 1.366667 1.400000 1.433333 1.466667 1.500000 1.533333 1.566667
1.600000 1.633333 1.666667 1.700000 1.733333 1.766667 1.800000 1.833333 1.866667 1.900000 1.933333 1.966667 2.000000 2.033333 2.066667 2.100000
2.133333 2.166667 2.200000 2.233333 2.266667 2.300000 2.333333 2.366667 2.400000 2.433333 2.466667 2.500000 2.533333 2.566667 2.600000 2.633333
2.666667 2.700000 2.733333 2.766667 2.800000 2.833333 2.866667 2.900000 2.933333 2.966667 3.000000 3.033333 3.066667 3.100000 3.133333 3.166667
3.200000 3.233333 3.266667 3.300000 3.333333 3.366667 3.400000 3.433333 3.466667 3.500000 3.533333 3.566667 3.600000 3.633333 3.666667 3.700000
3.733333 3.766667 3.800000 3.833333 3.866667 3.900000 3.933333 3.966667 4.000000 4.033333 4.066667 4.100000 4.133333 4.166667 4.200000 4.233333
4.266667 4.300000 4.333333 4.366667 4.400000 4.433333 4.466667 4.500000 4.533333 4.566667 4.600000 4.633333 4.666667 4.700000 4.733333 4.766667
4.800000 4.833333 4.866667 4.900000 4.933333 4.966667 5.000000 5.033333 5.066667 5.100000 5.133333 5.166667 5.200000 5.233333 5.266667 5.300000
5.333333 5.366667 5.400000 5.433333 5.466667 5.500000 5.533333 5.566667 5.600000 5.633333 5.666667 5.700000 5.733333 5.766667 5.800000 5.833333
5.866667 5.900000 5.933333 5.966667 6.000000 6.033333 6.066667 6.100000 6.133333 6.166667 6.200000 6.233333 6.266667 6.300000 6.333333 6.366667
6.400000 6.433333 6.466667 6.500000</float_array>
        <technique_common>
          <accessor source="#mixamorig_Hips-Matrix-animation-input-array" count="196">
            <param name="TIME" type="float"/>
          </accessor>
        </technique_common>
      </source>
      <source id="mixamorig_Hips-Matrix-animation-output-transform">
        <float_array id="mixamorig_Hips-Matrix-animation-output-transform-array" count="3136">

0.999398 0.022978 -0.026007 -0.093762 -0.021441 0.998091 0.057921 93.034653 0.027288 -0.057329 0.997982 0.973371 0.000000 0.000000 0.000000 1.000000
0.999401 0.023379 -0.025509 -0.067326 -0.021867 0.998074 0.058049 93.031731 0.026817 -0.057456 0.997988 0.992733 0.000000 0.000000 0.000000 1.000000
0.999409 0.023677 -0.024933 -0.047107 -0.022192 0.998056 0.058232 93.031036 0.026263 -0.057644 0.997992 1.016630 0.000000 0.000000 0.000000 1.000000
0.999413 0.023981 -0.024448 -0.031885 -0.022520 0.998040 0.058381 93.027008 0.025801 -0.057796 0.997995 1.037593 0.000000 0.000000 0.000000 1.000000
0.999416 0.024149 -0.024184 -0.022053 -0.022702 0.998033 0.058429 93.025375 0.025547 -0.057846 0.997999 1.056382 0.000000 0.000000 0.000000 1.000000
0.999413 0.024228 -0.024215 -0.015817 -0.022783 0.998040 0.058288 93.029488 0.025580 -0.057702 0.998006 1.072740 0.000000 0.000000 0.000000 1.000000
0.999404 0.024334 -0.024497 -0.010539 -0.022882 0.998058 0.057934 93.042198 0.025859 -0.057339 0.998020 1.085929 0.000000 0.000000 0.000000 1.000000
0.999391 0.024542 -0.024801 -0.006723 -0.023084 0.998080 0.057482 93.063354 0.026164 -0.056874 0.998038 1.097989 0.000000 0.000000 0.000000 1.000000
0.999379 0.024815 -0.025012 -0.005763 -0.023357 0.998101 0.056996 93.086472 0.026379 -0.056376 0.998061 1.110552 0.000000 0.000000 0.000000 1.000000
0.999372 0.025012 -0.025088 -0.009390 -0.023563 0.998125 0.056499 93.111885 0.026454 -0.055872 0.998087 1.121346 0.000000 0.000000 0.000000 1.000000
0.999373 0.025092 -0.024988 -0.017341 -0.023659 0.998146 0.056073 93.144836 0.026349 -0.055447 0.998114 1.130043 0.000000 0.000000 0.000000 1.000000
0.999380 0.025038 -0.024764 -0.028965 -0.023629 0.998172 0.055629 93.179604 0.026112 -0.055010 0.998144 1.135378 0.000000 0.000000 0.000000 1.000000
0.999393 0.024801 -0.024481 -0.043776 -0.023421 0.998205 0.055123 93.215210 0.025804 -0.054516 0.998179 1.137182 0.000000 0.000000 0.000000 1.000000
0.999410 0.024469 -0.024117 -0.060897 -0.023127 0.998251 0.054416 93.249146 0.025406 -0.053826 0.998227 1.137325 0.000000 0.000000 0.000000 1.000000
0.999428 0.024134 -0.023670 -0.079875 -0.022841 0.998309 0.053452 93.282547 0.024920 -0.052881 0.998290 1.137152 0.000000 0.000000 0.000000 1.000000
0.999447 0.023831 -0.023178 -0.100362 -0.022591 0.998372 0.052369 93.317200 0.024388 -0.051817 0.998359 1.136615 0.000000 0.000000 0.000000 1.000000
0.999466 0.023477 -0.022743 -0.122443 -0.022286 0.998437 0.051258 93.357758 0.023911 -0.050723 0.998426 1.137012 0.000000 0.000000 0.000000 1.000000
0.999480 0.023221 -0.022370 -0.144890 -0.022073 0.998491 0.050278 93.400803 0.023504 -0.049758 0.998485 1.140454 0.000000 0.000000 0.000000 1.000000
0.999486 0.023033 -0.022299 -0.168207 -0.021909 0.998538 0.049411 93.441528 0.023404 -0.048897 0.998530 1.145502 0.000000 0.000000 0.000000 1.000000
0.999482 0.022897 -0.022600 -0.193761 -0.021775 0.998576 0.048707 93.480606 0.023683 -0.048190 0.998557 1.151031 0.000000 0.000000 0.000000 1.000000
0.999471 0.022860 -0.023114 -0.222166 -0.021723 0.998596 0.048320 93.514618 0.024186 -0.047793 0.998564 1.156662 0.000000 0.000000 0.000000 1.000000
0.999461 0.022811 -0.023614 -0.253579 -0.021652 0.998603 0.048200 93.546623 0.024680 -0.047663 0.998559 1.162724 0.000000 0.000000 0.000000 1.000000
0.999454 0.022716 -0.023973 -0.287020 -0.021539 0.998602 0.048273 93.574471 0.025036 -0.047730 0.998546 1.171337 0.000000 0.000000 0.000000 1.000000
0.999456 0.022549 -0.024084 -0.321075 -0.021362 0.998597 0.048462 93.593903 0.025143 -0.047921 0.998535 1.181544 0.000000 0.000000 0.000000 1.000000
0.999461 0.022294 -0.024113 -0.354580 -0.021100 0.998592 0.048678 93.604698 0.025165 -0.048143 0.998523 1.193384 0.000000 0.000000 0.000000 1.000000
0.999468 0.021922 -0.024163 -0.387098 -0.020722 0.998590 0.048863 93.606377 0.025200 -0.048337 0.998513 1.208520 0.000000 0.000000 0.000000 1.000000
0.999477 0.021430 -0.024202 -0.418807 -0.020225 0.998597 0.048946 93.604538 0.025217 -0.048431 0.998508 1.222767 0.000000 0.000000 0.000000 1.000000
0.999495 0.020779 -0.024033 -0.450172 -0.019584 0.998609 0.048946 93.609863 0.025017 -0.048450 0.998512 1.232478 0.000000 0.000000 0.000000 1.000000
0.999519 0.020138 -0.023595 -0.480563 -0.018964 0.998620 0.048982 93.621132 0.024549 -0.048511 0.998521 1.238753 0.000000 0.000000 0.000000 1.000000
0.999537 0.019721 -0.023163 -0.495044 -0.018565 0.998622 0.049096 93.642006 0.024100 -0.048643 0.998525 1.239387 0.000000 0.000000 0.000000 1.000000
0.999554 0.019441 -0.022687 -0.508169 -0.018305 0.998618 0.049256 93.660988 0.023613 -0.048818 0.998529 1.235943 0.000000 0.000000 0.000000 1.000000
0.999565 0.019307 -0.022312 -0.521530 -0.018184 0.998611 0.049455 93.674927 0.023236 -0.049028 0.998527 1.228876 0.000000 0.000000 0.000000 1.000000
0.999568 0.019280 -0.022204 -0.534878 -0.018158 0.998601 0.049659 93.687309 0.023130 -0.049234 0.998519 1.218099 0.000000 0.000000 0.000000 1.000000
0.999562 0.019307 -0.022433 -0.547746 -0.018170 0.998593 0.049824 93.700569 0.023363 -0.049395 0.998506 1.202939 0.000000 0.000000 0.000000 1.000000
0.999549 0.019380 -0.022929 -0.559710 -0.018216 0.998586 0.049939 93.709534 0.023865 -0.049499 0.998489 1.182691 0.000000 0.000000 0.000000 1.000000
0.999532 0.019526 -0.023543 -0.570864 -0.018329 0.998580 0.050023 93.704308 0.024486 -0.049568 0.998471 1.157612 0.000000 0.000000 0.000000 1.000000
0.999514 0.019774 -0.024113 -0.582173 -0.018546 0.998571 0.050124 93.681503 0.025070 -0.049652 0.998452 1.129192 0.000000 0.000000 0.000000 1.000000
0.999497 0.020129 -0.024491 -0.594668 -0.018877 0.998555 0.050314 93.649841 0.025469 -0.049826 0.998433 1.099247 0.000000 0.000000 0.000000 1.000000
0.999487 0.020559 -0.024558 -0.608307 -0.019295 0.998530 0.050643 93.621544 0.025563 -0.050143 0.998415 1.068870 0.000000 0.000000 0.000000 1.000000
0.999484 0.021009 -0.024286 -0.621913 -0.019747 0.998498 0.051102 93.600777 0.025323 -0.050596 0.998398 1.038423 0.000000 0.000000 0.000000 1.000000
0.999487 0.021421 -0.023802 -0.634535 -0.020169 0.998463 0.051625 93.582916 0.024871 -0.051119 0.998383 1.008124 0.000000 0.000000 0.000000 1.000000
0.999491 0.021747 -0.023341 -0.646200 -0.020507 0.998431 0.052113 93.562157 0.024437 -0.051608 0.998368 0.978133 0.000000 0.000000 0.000000 1.000000
0.999492 0.021957 -0.023104 -0.656490 -0.020720 0.998407 0.052487 93.534264 0.024220 -0.051981 0.998354 0.948546 0.000000 0.000000 0.000000 1.000000
0.999489 0.022055 -0.023124 -0.664597 -0.020810 0.998392 0.052737 93.496155 0.024250 -0.052229 0.998341 0.919392 0.000000 0.000000 0.000000 1.000000
0.999486 0.022082 -0.023248 -0.670651 -0.020827 0.998381 0.052926 93.448471 0.024379 -0.052414 0.998328 0.890331 0.000000 0.000000 0.000000 1.000000
0.999485 0.022102 -0.023284 -0.675459 -0.020840 0.998371 0.053114 93.398026 0.024420 -0.052601 0.998317 0.860945 0.000000 0.000000 0.000000 1.000000
0.999487 0.022174 -0.023131 -0.679573 -0.020916 0.998359 0.053307 93.353477 0.024275 -0.052796 0.998310 0.831482 0.000000 0.000000 0.000000 1.000000
0.999491 0.022350 -0.022777 -0.683020 -0.021106 0.998347 0.053453 93.318214 0.023934 -0.052945 0.998311 0.802882 0.000000 0.000000 0.000000 1.000000
0.999496 0.022650 -0.022235 -0.685147 -0.021434 0.998339 0.053471 93.290642 0.023409 -0.052967 0.998322 0.776131 0.000000 0.000000 0.000000 1.000000
0.999503 0.023047 -0.021510 -0.685338 -0.021873 0.998339 0.053296 93.269936 0.022703 -0.052799 0.998347 0.751946 0.000000 0.000000 0.000000 1.000000
0.999511 0.023467 -0.020645 -0.683646 -0.022346 0.998347 0.052948 93.258453 0.021853 -0.052461 0.998384 0.731176 0.000000 0.000000 0.000000 1.000000
0.999520 0.023822 -0.019781 -0.680908 -0.022754 0.998359 0.052549 93.257706 0.021001 -0.052074 0.998422 0.715099 0.000000 0.000000 0.000000 1.000000
0.999528 0.024047 -0.019121 -0.677327 -0.023019 0.998368 0.052256 93.261894 0.020346 -0.051792 0.998451 0.704930 0.000000 0.000000 0.000000 1.000000
0.999532 0.024127 -0.018797 -0.672367 -0.023118 0.998372 0.052153 93.257545 0.020024 -0.051694 0.998462 0.700841 0.000000 0.000000 0.000000 1.000000
0.999533 0.024081 -0.018814 -0.664886 -0.023070 0.998369 0.052230 93.231812 0.020041 -0.051772 0.998458 0.701751 0.000000 0.000000 0.000000 1.000000
0.999531 0.023943 -0.019080 -0.654642 -0.022914 0.998361 0.052435 93.182846 0.020304 -0.051973 0.998442 0.705970 0.000000 0.000000 0.000000 1.000000
0.999528 0.023749 -0.019477 -0.642709 -0.022694 0.998353 0.052693 93.121689 0.020696 -0.052226 0.998421 0.711634 0.000000 0.000000 0.000000 1.000000
0.999525 0.023526 -0.019904 -0.630831 -0.022444 0.998346 0.052927 93.065102 0.021117 -0.052455 0.998400 0.717041 0.000000 0.000000 0.000000 1.000000
0.999522 0.023303 -0.020298 -0.620418 -0.022197 0.998343 0.053082 93.025826 0.021502 -0.052606 0.998384 0.721210 0.000000 0.000000 0.000000 1.000000
0.999520 0.023103 -0.020645 -0.611921 -0.021979 0.998346 0.053116 93.009560 0.021838 -0.052637 0.998375 0.724002 0.000000 0.000000 0.000000 1.000000
0.999517 0.022957 -0.020955 -0.604915 -0.021819 0.998356 0.053011 93.014687 0.022138 -0.052528 0.998374 0.725920 0.000000 0.000000 0.000000 1.000000
0.999512 0.022895 -0.021246 -0.598309 -0.021747 0.998370 0.052766 93.034523 0.022419 -0.052278 0.998381 0.727634 0.000000 0.000000 0.000000 1.000000
0.999506 0.022912 -0.021526 -0.591005 -0.021758 0.998390 0.052391 93.061600 0.022691 -0.051897 0.998395 0.729439 0.000000 0.000000 0.000000 1.000000
0.999499 0.022954 -0.021800 -0.582433 -0.021796 0.998413 0.051921 93.091972 0.022957 -0.051420 0.998413 0.731164 0.000000 0.000000 0.000000 1.000000
0.999493 0.022927 -0.022087 -0.572996 -0.021767 0.998441 0.051390 93.125786 0.023231 -0.050884 0.998434 0.732720 0.000000 0.000000 0.000000 1.000000
0.999490 0.022753 -0.022412 -0.563304 -0.021590 0.998475 0.050814 93.163284 0.023534 -0.050304 0.998457 0.734913 0.000000 0.000000 0.000000 1.000000
0.999490 0.022409 -0.022764 -0.553372 -0.021244 0.998514 0.050193 93.201073 0.023855 -0.049684 0.998480 0.739594 0.000000 0.000000 0.000000 1.000000
0.999493 0.021951 -0.023073 -0.542364 -0.020787 0.998555 0.049549 93.234680 0.024127 -0.049044 0.998505 0.748710 0.000000 0.000000 0.000000 1.000000
0.999498 0.021495 -0.023263 -0.529796 -0.020337 0.998595 0.048936 93.264091 0.024283 -0.048438 0.998531 0.763307 0.000000 0.000000 0.000000 1.000000
0.999503 0.021170 -0.023345 -0.516251 -0.020021 0.998627 0.048407 93.293869 0.024338 -0.047915 0.998555 0.783692 0.000000 0.000000 0.000000 1.000000
0.999504 0.021040 -0.023442 -0.502781 -0.019897 0.998650 0.047992 93.327103 0.024420 -0.047502 0.998573 0.810358 0.000000 0.000000 0.000000 1.000000
0.999497 0.021058 -0.023719 -0.490274 -0.019908 0.998662 0.047717 93.362823 0.024692 -0.047221 0.998579 0.843940 0.000000 0.000000 0.000000 1.000000
0.999482 0.021130 -0.024283 -0.478719 -0.019956 0.998666 0.047616 93.397675 0.025257 -0.047107 0.998570 0.883970 0.000000 0.000000 0.000000 1.000000
0.999460 0.021200 -0.025104 -0.467072 -0.019985 0.998661 0.047723 93.428543 0.026083 -0.047195 0.998545 0.928326 0.000000 0.000000 0.000000 1.000000
0.999435 0.021261 -0.026030 -0.454449 -0.019993 0.998646 0.048035 93.452408 0.027016 -0.047488 0.998506 0.974459 0.000000 0.000000 0.000000 1.000000
0.999412 0.021313 -0.026866 -0.440641 -0.019992 0.998623 0.048511 93.467201 0.027863 -0.047945 0.998461 1.020604 0.000000 0.000000 0.000000 1.000000
0.999394 0.021346 -0.027487 -0.425612 -0.019979 0.998595 0.049082 93.473656 0.028497 -0.048503 0.998416 1.065501 0.000000 0.000000 0.000000 1.000000
0.999383 0.021344 -0.027892 -0.408632 -0.019940 0.998566 0.049688 93.475983 0.028912 -0.049102 0.998375 1.107609 0.000000 0.000000 0.000000 1.000000
0.999376 0.021296 -0.028168 -0.388400 -0.019860 0.998537 0.050297 93.479675 0.029198 -0.049706 0.998337 1.145108 0.000000 0.000000 0.000000 1.000000
0.999371 0.021187 -0.028432 -0.364619 -0.019721 0.998510 0.050876 93.489029 0.029468 -0.050283 0.998300 1.176818 0.000000 0.000000 0.000000 1.000000
0.999365 0.021026 -0.028769 -0.338958 -0.019529 0.998488 0.051379 93.505157 0.029806 -0.050785 0.998265 1.202873 0.000000 0.000000 0.000000 1.000000
0.999356 0.020872 -0.029191 -0.312847 -0.019342 0.998472 0.051762 93.524551 0.030227 -0.051164 0.998233 1.224127 0.000000 0.000000 0.000000 1.000000
0.999344 0.020808 -0.029650 -0.286757 -0.019246 0.998461 0.052014 93.539925 0.030686 -0.051409 0.998206 1.241028 0.000000 0.000000 0.000000 1.000000
0.999329 0.020887 -0.030088 -0.260302 -0.019297 0.998451 0.052188 93.543259 0.031131 -0.051572 0.998184 1.254023 0.000000 0.000000 0.000000 1.000000
0.999318 0.021125 -0.030285 -0.232493 -0.019519 0.998436 0.052382 93.529663 0.031344 -0.051755 0.998168 1.262023 0.000000 0.000000 0.000000 1.000000
0.999316 0.021417 -0.030136 -0.203583 -0.019809 0.998415 0.052677 93.502739 0.031216 -0.052044 0.998157 1.264987 0.000000 0.000000 0.000000 1.000000
0.999326 0.021618 -0.029665 -0.174470 -0.020023 0.998391 0.053057 93.468193 0.030764 -0.052427 0.998151 1.263388 0.000000 0.000000 0.000000 1.000000
0.999345 0.021656 -0.029009 -0.145823 -0.020084 0.998369 0.053436 93.429024 0.030119 -0.052818 0.998150 1.258311 0.000000 0.000000 0.000000 1.000000
0.999366 0.021584 -0.028319 -0.118216 -0.020040 0.998355 0.053723 93.387245 0.029432 -0.053121 0.998154 1.251067 0.000000 0.000000 0.000000 1.000000
0.999386 0.021540 -0.027650 -0.092676 -0.020027 0.998346 0.053892 93.348862 0.028765 -0.053305 0.998164 1.242249 0.000000 0.000000 0.000000 1.000000
0.999402 0.021609 -0.027006 -0.069800 -0.020128 0.998340 0.053966 93.320892 0.028127 -0.053390 0.998178 1.231689 0.000000 0.000000 0.000000 1.000000
0.999413 0.021772 -0.026464 -0.049289 -0.020320 0.998336 0.053972 93.303070 0.027595 -0.053402 0.998192 1.219907 0.000000 0.000000 0.000000 1.000000
0.999415 0.022000 -0.026177 -0.030165 -0.020562 0.998331 0.053969 93.285820 0.027320 -0.053399 0.998199 1.208695 0.000000 0.000000 0.000000 1.000000
0.999406 0.022353 -0.026243 -0.012222 -0.020909 0.998318 0.054071 93.259575 0.027408 -0.053490 0.998192 1.199405 0.000000 0.000000 0.000000 1.000000
0.999385 0.022889 -0.026560 0.004412 -0.021419 0.998291 0.054368 93.220245 0.027759 -0.053766 0.998168 1.191612 0.000000 0.000000 0.000000 1.000000
0.999361 0.023549 -0.026890 0.019614 -0.022048 0.998252 0.054830 93.169525 0.028134 -0.054202 0.998134 1.183860 0.000000 0.000000 0.000000 1.000000
0.999345 0.024155 -0.026965 0.034519 -0.022635 0.998214 0.055284 93.111130 0.028252 -0.054637 0.998107 1.174659 0.000000 0.000000 0.000000 1.000000
0.999346 0.024529 -0.026585 0.050970 -0.023024 0.998193 0.055503 93.049454 0.027899 -0.054855 0.998105 1.162866 0.000000 0.000000 0.000000 1.000000
0.999364 0.024662 -0.025762 0.069203 -0.023205 0.998194 0.055406 92.993607 0.027082 -0.054773 0.998132 1.148544 0.000000 0.000000 0.000000 1.000000
0.999391 0.024661 -0.024684 0.087110 -0.023271 0.998211 0.055081 92.955627 0.025999 -0.054473 0.998177 1.133478 0.000000 0.000000 0.000000 1.000000
0.999416 0.024648 -0.023649 0.101797 -0.023324 0.998229 0.054727 92.941422 0.024956 -0.054143 0.998221 1.120424 0.000000 0.000000 0.000000 1.000000
0.999432 0.024694 -0.022927 0.111548 -0.023413 0.998238 0.054525 92.944870 0.024233 -0.053957 0.998249 1.111145 0.000000 0.000000 0.000000 1.000000
0.999438 0.024789 -0.022582 0.116999 -0.023528 0.998235 0.054521 92.951591 0.023894 -0.053959 0.998257 1.105132 0.000000 0.000000 0.000000 1.000000
0.999436 0.024902 -0.022522 0.120292 -0.023641 0.998226 0.054639 92.952003 0.023842 -0.054076 0.998252 1.100247 0.000000 0.000000 0.000000 1.000000
0.999432 0.025002 -0.022605 0.123424 -0.023733 0.998219 0.054732 92.948181 0.023933 -0.054165 0.998245 1.094179 0.000000 0.000000 0.000000 1.000000
0.999427 0.025073 -0.022742 0.127223 -0.023799 0.998222 0.054647 92.948242 0.024072 -0.054075 0.998247 1.085388 0.000000 0.000000 0.000000 1.000000
0.999422 0.025097 -0.022918 0.131322 -0.023821 0.998237 0.054356 92.958099 0.024242 -0.053779 0.998259 1.073667 0.000000 0.000000 0.000000 1.000000
0.999418 0.025036 -0.023164 0.134736 -0.023755 0.998258 0.054008 92.975761 0.024476 -0.053427 0.998272 1.060166 0.000000 0.000000 0.000000 1.000000
0.999415 0.024846 -0.023520 0.137180 -0.023551 0.998272 0.053828 92.990578 0.024817 -0.053243 0.998273 1.046571 0.000000 0.000000 0.000000 1.000000
0.999411 0.024505 -0.024020 0.139211 -0.023182 0.998278 0.053895 92.992538 0.025299 -0.053306 0.998258 1.033636 0.000000 0.000000 0.000000 1.000000
0.999407 0.024044 -0.024650 0.141596 -0.022685 0.998283 0.054011 92.987579 0.025906 -0.053420 0.998236 1.020643 0.000000 0.000000 0.000000 1.000000
0.999402 0.023544 -0.025334 0.143681 -0.022151 0.998299 0.053924 92.997108 0.026560 -0.053331 0.998224 1.007219 0.000000 0.000000 0.000000 1.000000
0.999396 0.023105 -0.025972 0.143595 -0.021688 0.998328 0.053577 93.037781 0.027166 -0.052981 0.998226 0.994713 0.000000 0.000000 0.000000 1.000000
0.999388 0.022787 -0.026533 0.139460 -0.021353 0.998360 0.053115 93.105324 0.027699 -0.052516 0.998236 0.985462 0.000000 0.000000 0.000000 1.000000
0.999377 0.022586 -0.027120 0.130540 -0.021133 0.998387 0.052697 93.180344 0.028266 -0.052091 0.998242 0.981106 0.000000 0.000000 0.000000 1.000000
0.999358 0.022498 -0.027883 0.117441 -0.021016 0.998407 0.052354 93.245232 0.029016 -0.051735 0.998239 0.981293 0.000000 0.000000 0.000000 1.000000
0.999328 0.022560 -0.028885 0.101618 -0.021034 0.998422 0.052070 93.295868 0.030014 -0.051427 0.998226 0.983886 0.000000 0.000000 0.000000 1.000000
0.999288 0.022793 -0.030063 0.084445 -0.021212 0.998428 0.051887 93.339111 0.031198 -0.051213 0.998200 0.986628 0.000000 0.000000 0.000000 1.000000
0.999242 0.023142 -0.031292 0.067311 -0.021497 0.998420 0.051917 93.382675 0.032444 -0.051205 0.998161 0.988715 0.000000 0.000000 0.000000 1.000000
0.999196 0.023477 -0.032503 0.051887 -0.021760 0.998399 0.052211 93.426720 0.033677 -0.051462 0.998107 0.990573 0.000000 0.000000 0.000000 1.000000
0.999151 0.023666 -0.033710 0.040323 -0.021869 0.998370 0.052721 93.465591 0.034903 -0.051939 0.998040 0.992520 0.000000 0.000000 0.000000 1.000000
0.999108 0.023630 -0.034996 0.033902 -0.021743 0.998340 0.053335 93.497925 0.036198 -0.052527 0.997963 0.994370 0.000000 0.000000 0.000000 1.000000
0.999062 0.023359 -0.036474 0.031752 -0.021371 0.998315 0.053956 93.530060 0.037673 -0.053126 0.997877 0.996279 0.000000 0.000000 0.000000 1.000000
0.999010 0.022930 -0.038117 0.031234 -0.020833 0.998295 0.054532 93.564667 0.039302 -0.053684 0.997784 0.998819 0.000000 0.000000 0.000000 1.000000
0.998960 0.022446 -0.039696 0.029922 -0.020243 0.998279 0.055035 93.591896 0.040863 -0.054174 0.997695 1.001543 0.000000 0.000000 0.000000 1.000000
0.998921 0.021999 -0.040893 0.026329 -0.019714 0.998266 0.055459 93.600922 0.042042 -0.054593 0.997623 1.001948 0.000000 0.000000 0.000000 1.000000
0.998904 0.021625 -0.041514 0.020440 -0.019291 0.998255 0.055814 93.593590 0.042649 -0.054952 0.997578 0.996444 0.000000 0.000000 0.000000 1.000000
0.998905 0.021291 -0.041666 0.012932 -0.018937 0.998246 0.056096 93.582573 0.042788 -0.055245 0.997556 0.982747 0.000000 0.000000 0.000000 1.000000
0.998917 0.021011 -0.041515 0.004365 -0.018658 0.998242 0.056260 93.578506 0.042624 -0.055425 0.997553 0.961570 0.000000 0.000000 0.000000 1.000000
0.998934 0.020895 -0.041150 -0.004837 -0.018563 0.998243 0.056272 93.577324 0.042253 -0.055448 0.997567 0.935601 0.000000 0.000000 0.000000 1.000000
0.998952 0.021100 -0.040612 -0.014260 -0.018801 0.998243 0.056188 93.562325 0.041726 -0.055365 0.997594 0.906815 0.000000 0.000000 0.000000 1.000000
0.998966 0.021591 -0.040004 -0.024545 -0.019324 0.998232 0.056213 93.520462 0.041147 -0.055382 0.997617 0.875696 0.000000 0.000000 0.000000 1.000000
0.998981 0.022044 -0.039381 -0.043616 -0.019799 0.998206 0.056507 93.461693 0.040556 -0.055670 0.997625 0.844930 0.000000 0.000000 0.000000 1.000000
0.999008 0.022105 -0.038659 -0.080191 -0.019883 0.998180 0.056935 93.416794 0.039848 -0.056110 0.997629 0.818567 0.000000 0.000000 0.000000 1.000000
0.999043 0.021886 -0.037867 -0.121612 -0.019691 0.998157 0.057396 93.391411 0.039054 -0.056595 0.997633 0.786669 0.000000 0.000000 0.000000 1.000000
0.999084 0.021478 -0.037006 -0.165769 -0.019320 0.998146 0.057716 93.387619 0.038177 -0.056948 0.997647 0.751299 0.000000 0.000000 0.000000 1.000000
0.999129 0.020955 -0.036094 -0.210840 -0.018849 0.998154 0.057730 93.393097 0.037237 -0.057000 0.997680 0.713276 0.000000 0.000000 0.000000 1.000000
0.999173 0.020475 -0.035127 -0.255027 -0.018436 0.998180 0.057415 93.393181 0.036238 -0.056720 0.997732 0.673490 0.000000 0.000000 0.000000 1.000000
0.999214 0.020246 -0.034072 -0.296827 -0.018286 0.998213 0.056886 93.377304 0.035163 -0.056219 0.997799 0.633225 0.000000 0.000000 0.000000 1.000000
0.999254 0.020318 -0.032853 -0.336156 -0.018447 0.998243 0.056310 93.343796 0.033940 -0.055662 0.997873 0.595107 0.000000 0.000000 0.000000 1.000000
0.999295 0.020586 -0.031394 -0.373769 -0.018811 0.998263 0.055831 93.301003 0.032489 -0.055201 0.997947 0.562301 0.000000 0.000000 0.000000 1.000000
0.999338 0.020942 -0.029742 -0.409917 -0.019269 0.998275 0.055468 93.258522 0.030853 -0.054858 0.998017 0.536684 0.000000 0.000000 0.000000 1.000000
0.999379 0.021347 -0.028045 -0.444337 -0.019776 0.998282 0.055155 93.222404 0.029174 -0.054566 0.998084 0.518711 0.000000 0.000000 0.000000 1.000000
0.999415 0.021707 -0.026414 -0.477320 -0.020232 0.998288 0.054877 93.192764 0.027560 -0.054311 0.998144 0.507783 0.000000 0.000000 0.000000 1.000000
0.999448 0.021907 -0.024958 -0.509392 -0.020516 0.998293 0.054677 93.166786 0.026113 -0.054135 0.998192 0.502409 0.000000 0.000000 0.000000 1.000000
0.999476 0.021956 -0.023773 -0.540826 -0.020632 0.998297 0.054558 93.145653 0.024931 -0.054039 0.998228 0.500796 0.000000 0.000000 0.000000 1.000000
0.999500 0.021924 -0.022799 -0.571238 -0.020656 0.998304 0.054427 93.130150 0.023954 -0.053929 0.998257 0.501159 0.000000 0.000000 0.000000 1.000000
0.999520 0.021833 -0.021972 -0.600152 -0.020615 0.998317 0.054202 93.120720 0.023119 -0.053723 0.998288 0.502951 0.000000 0.000000 0.000000 1.000000
0.999538 0.021671 -0.021294 -0.626977 -0.020498 0.998338 0.053854 93.117050 0.022426 -0.053392 0.998322 0.507756 0.000000 0.000000 0.000000 1.000000
0.999552 0.021531 -0.020787 -0.650814 -0.020396 0.998366 0.053378 93.120926 0.021903 -0.052930 0.998358 0.517379 0.000000 0.000000 0.000000 1.000000
0.999560 0.021500 -0.020428 -0.671660 -0.020397 0.998398 0.052777 93.134338 0.021530 -0.052337 0.998397 0.533325 0.000000 0.000000 0.000000 1.000000
0.999564 0.021511 -0.020232 -0.690624 -0.020432 0.998431 0.052136 93.157928 0.021322 -0.051699 0.998435 0.556716 0.000000 0.000000 0.000000 1.000000
0.999562 0.021602 -0.020232 -0.706738 -0.020533 0.998456 0.051609 93.190689 0.021316 -0.051171 0.998462 0.587041 0.000000 0.000000 0.000000 1.000000
0.999557 0.021746 -0.020338 -0.718794 -0.020679 0.998471 0.051260 93.228432 0.021422 -0.050817 0.998478 0.623136 0.000000 0.000000 0.000000 1.000000
0.999555 0.021710 -0.020455 -0.726684 -0.020643 0.998484 0.051028 93.270370 0.021532 -0.050583 0.998488 0.663981 0.000000 0.000000 0.000000 1.000000
0.999560 0.021367 -0.020551 -0.730018 -0.020301 0.998503 0.050782 93.318871 0.021605 -0.050342 0.998498 0.707596 0.000000 0.000000 0.000000 1.000000
0.999570 0.020847 -0.020622 -0.728619 -0.019785 0.998531 0.050450 93.373802 0.021643 -0.050021 0.998514 0.751325 0.000000 0.000000 0.000000 1.000000
0.999578 0.020286 -0.020780 -0.723935 -0.019228 0.998569 0.049911 93.430450 0.021763 -0.049490 0.998537 0.794709 0.000000 0.000000 0.000000 1.000000
0.999581 0.019775 -0.021122 -0.717577 -0.018718 0.998616 0.049142 93.488304 0.022065 -0.048726 0.998568 0.838427 0.000000 0.000000 0.000000 1.000000
0.999580 0.019372 -0.021538 -0.710055 -0.018312 0.998661 0.048374 93.550095 0.022446 -0.047959 0.998597 0.882359 0.000000 0.000000 0.000000 1.000000
0.999578 0.019083 -0.021901 -0.700812 -0.018020 0.998697 0.047741 93.611687 0.022783 -0.047327 0.998620 0.925595 0.000000 0.000000 0.000000 1.000000
0.999573 0.018862 -0.022300 -0.689099 -0.017794 0.998729 0.047166 93.665863 0.023161 -0.046749 0.998638 0.967357 0.000000 0.000000 0.000000 1.000000
0.999560 0.018702 -0.023002 -0.674511 -0.017615 0.998757 0.046624 93.707870 0.023845 -0.046198 0.998648 1.008288 0.000000 0.000000 0.000000 1.000000
0.999539 0.018543 -0.024033 -0.657378 -0.017417 0.998779 0.046223 93.738297 0.024860 -0.045783 0.998642 1.049464 0.000000 0.000000 0.000000 1.000000
0.999515 0.018233 -0.025229 -0.638264 -0.017058 0.998795 0.046019 93.763702 0.026037 -0.045567 0.998622 1.092045 0.000000 0.000000 0.000000 1.000000
0.999489 0.017786 -0.026562 -0.616788 -0.016551 0.998804 0.045996 93.789391 0.027348 -0.045533 0.998588 1.137387 0.000000 0.000000 0.000000 1.000000
0.999456 0.017403 -0.028022 -0.592206 -0.016097 0.998803 0.046179 93.815262 0.028792 -0.045703 0.998540 1.185176 0.000000 0.000000 0.000000 1.000000
0.999415 0.017265 -0.029507 -0.564734 -0.015879 0.998788 0.046598 93.838982 0.030276 -0.046102 0.998478 1.232534 0.000000 0.000000 0.000000 1.000000
0.999374 0.017302 -0.030854 -0.536073 -0.015837 0.998764 0.047115 93.859795 0.031631 -0.046597 0.998413 1.276359 0.000000 0.000000 0.000000 1.000000
0.999339 0.017381 -0.031923 -0.507678 -0.015847 0.998737 0.047669 93.879028 0.032711 -0.047132 0.998353 1.314668 0.000000 0.000000 0.000000 1.000000
0.999322 0.017368 -0.032469 -0.494905 -0.015783 0.998700 0.048462 93.900032 0.033269 -0.047916 0.998297 1.361516 0.000000 0.000000 0.000000 1.000000
0.999315 0.017353 -0.032672 -0.486057 -0.015728 0.998658 0.049351 93.909889 0.033484 -0.048804 0.998247 1.404683 0.000000 0.000000 0.000000 1.000000
0.999314 0.017390 -0.032706 -0.476870 -0.015732 0.998612 0.050270 93.902443 0.033534 -0.049721 0.998200 1.441613 0.000000 0.000000 0.000000 1.000000
0.999314 0.017509 -0.032643 -0.466979 -0.015825 0.998565 0.051170 93.878891 0.033492 -0.050618 0.998156 1.473126 0.000000 0.000000 0.000000 1.000000
0.999314 0.017690 -0.032530 -0.456962 -0.015984 0.998521 0.051958 93.845055 0.033401 -0.051402 0.998119 1.500434 0.000000 0.000000 0.000000 1.000000
0.999315 0.017877 -0.032402 -0.447221 -0.016158 0.998487 0.052563 93.807678 0.033292 -0.052003 0.998092 1.524015 0.000000 0.000000 0.000000 1.000000
0.999317 0.018072 -0.032229 -0.437862 -0.016347 0.998460 0.053019 93.769623 0.033138 -0.052456 0.998073 1.543085 0.000000 0.000000 0.000000 1.000000
0.999322 0.018342 -0.031934 -0.428237 -0.016618 0.998433 0.053438 93.726913 0.032864 -0.052871 0.998060 1.556046 0.000000 0.000000 0.000000 1.000000
0.999327 0.018749 -0.031519 -0.416606 -0.017030 0.998399 0.053932 93.673325 0.032480 -0.053359 0.998047 1.561367 0.000000 0.000000 0.000000 1.000000
0.999329 0.019296 -0.031138 -0.401625 -0.017578 0.998357 0.054529 93.609711 0.032139 -0.053945 0.998027 1.557713 0.000000 0.000000 0.000000 1.000000
0.999322 0.019921 -0.030952 -0.383796 -0.018190 0.998309 0.055213 93.544769 0.031999 -0.054613 0.997995 1.544242 0.000000 0.000000 0.000000 1.000000
0.999311 0.020507 -0.030946 -0.365387 -0.018753 0.998257 0.055954 93.485054 0.032039 -0.055335 0.997954 1.521035 0.000000 0.000000 0.000000 1.000000
0.999303 0.020950 -0.030909 -0.348798 -0.019175 0.998210 0.056644 93.427475 0.032041 -0.056012 0.997916 1.488944 0.000000 0.000000 0.000000 1.000000
0.999305 0.021217 -0.030654 -0.334472 -0.019442 0.998181 0.057074 93.364281 0.031809 -0.056438 0.997899 1.448353 0.000000 0.000000 0.000000 1.000000
0.999315 0.021387 -0.030205 -0.320596 -0.019639 0.998178 0.057046 93.296761 0.031370 -0.056414 0.997915 1.399155 0.000000 0.000000 0.000000 1.000000
0.999325 0.021590 -0.029736 -0.304605 -0.019883 0.998201 0.056565 93.238739 0.030904 -0.055935 0.997956 1.343045 0.000000 0.000000 0.000000 1.000000
0.999330 0.021886 -0.029335 -0.286023 -0.020224 0.998237 0.055807 93.203857 0.030504 -0.055177 0.998011 1.284228 0.000000 0.000000 0.000000 1.000000
0.999334 0.022220 -0.028950 -0.266071 -0.020600 0.998269 0.055080 93.189697 0.030124 -0.054446 0.998062 1.228359 0.000000 0.000000 0.000000 1.000000
0.999341 0.022489 -0.028481 -0.245342 -0.020909 0.998289 0.054616 93.175125 0.029660 -0.053984 0.998101 1.179988 0.000000 0.000000 0.000000 1.000000
0.999355 0.022639 -0.027894 -0.223442 -0.021094 0.998291 0.054492 93.139534 0.029080 -0.053868 0.998125 1.140224 0.000000 0.000000 0.000000 1.000000
0.999372 0.022661 -0.027255 -0.200478 -0.021144 0.998278 0.054708 93.088524 0.028448 -0.054097 0.998130 1.107070 0.000000 0.000000 0.000000 1.000000
0.999389 0.022599 -0.026675 -0.177445 -0.021099 0.998251 0.055232 93.047363 0.027877 -0.054636 0.998117 1.077342 0.000000 0.000000 0.000000 1.000000
0.999401 0.022539 -0.026246 -0.155185 -0.021042 0.998210 0.055983 93.030663 0.027461 -0.055397 0.998087 1.049737 0.000000 0.000000 0.000000 1.000000
0.999406 0.022587 -0.026035 -0.133596 -0.021080 0.998165 0.056773 93.030190 0.027269 -0.056191 0.998048 1.023260 0.000000 0.000000 0.000000 1.000000
0.999403 0.022758 -0.025998 -0.112676 -0.021235 0.998123 0.057435 93.032898 0.027256 -0.056849 0.998011 0.997853 0.000000 0.000000 0.000000 1.000000
0.999398 0.022978 -0.026007 -0.093761 -0.021441 0.998091 0.057921 93.034653 0.027288 -0.057329 0.997982 0.973371 0.000000 0.000000 0.000000 1.000000</float_array>
        <technique_common>
          <accessor source="#mixamorig_Hips-Matrix-animation-output-transform-array" count="196" stride="16">
            <param type="float4x4"/>
          </accessor>
        </technique_common>
      </source>
      <source id="mixamorig_Hips-Interpolations">
        <Name_array id="mixamorig_Hips-Interpolations-array" count="196">
 LINEAR LINEAR LINEAR LINEAR LINEAR LINEAR LINEAR LINEAR LINEAR LINEAR LINEAR
LINEAR LINEAR LINEAR LINEAR LINEAR LINEAR LINEAR LINEAR LINEAR LINEAR LINEAR LINEAR
LINEAR LINEAR LINEAR LINEAR LINEAR LINEAR LINEAR LINEAR LINEAR LINEAR LINEAR LINEAR
LINEAR LINEAR LINEAR LINEAR LINEAR LINEAR LINEAR LINEAR LINEAR LINEAR LINEAR LINEAR
LINEAR LINEAR LINEAR LINEAR LINEAR LINEAR LINEAR LINEAR LINEAR LINEAR LINEAR LINEAR
LINEAR LINEAR LINEAR LINEAR LINEAR LINEAR LINEAR LINEAR LINEAR LINEAR LINEAR LINEAR
LINEAR LINEAR LINEAR LINEAR LINEAR LINEAR LINEAR LINEAR LINEAR LINEAR LINEAR LINEAR
LINEAR LINEAR LINEAR LINEAR LINEAR LINEAR LINEAR LINEAR LINEAR LINEAR LINEAR LINEAR
LINEAR LINEAR LINEAR LINEAR LINEAR LINEAR LINEAR LINEAR LINEAR LINEAR LINEAR LINEAR
LINEAR LINEAR LINEAR LINEAR LINEAR LINEAR LINEAR LINEAR LINEAR LINEAR LINEAR LINEAR
LINEAR LINEAR LINEAR LINEAR LINEAR LINEAR LINEAR LINEAR LINEAR LINEAR LINEAR LINEAR
LINEAR LINEAR LINEAR LINEAR LINEAR LINEAR LINEAR LINEAR LINEAR LINEAR LINEAR LINEAR
LINEAR LINEAR LINEAR LINEAR LINEAR LINEAR LINEAR LINEAR LINEAR LINEAR LINEAR LINEAR
LINEAR LINEAR LINEAR LINEAR LINEAR LINEAR LINEAR LINEAR LINEAR LINEAR LINEAR LINEAR
LINEAR LINEAR LINEAR LINEAR LINEAR LINEAR LINEAR LINEAR LINEAR LINEAR LINEAR LINEAR
LINEAR LINEAR LINEAR LINEAR LINEAR LINEAR LINEAR LINEAR LINEAR LINEAR LINEAR LINEAR
LINEAR LINEAR LINEAR LINEAR LINEAR</Name_array>
        <technique_common>
          <accessor source="#mixamorig_Hips-Interpolations-array" count="196">
            <param type="name"/>
          </accessor>
        </technique_common>
      </source>
      <sampler id="mixamorig_Hips-Matrix-animation-transform">
        <input semantic="INPUT" source="#mixamorig_Hips-Matrix-animation-input"/>
        <input semantic="OUTPUT" source="#mixamorig_Hips-Matrix-animation-output-transform"/>
        <input semantic="INTERPOLATION" source="#mixamorig_Hips-Interpolations"/>
      </sampler>
      <channel source="#mixamorig_Hips-Matrix-animation-transform" target="mixamorig_Hips/matrix"/>
    </animation>
    <animation id="mixamorig_Spine-anim" name="mixamorig_Spine">
      <source id="mixamorig_Spine-Matrix-animation-input">
        <float_array id="mixamorig_Spine-Matrix-animation-input-array" count="196">

0.000000 0.033333 0.066667 0.100000 0.133333 0.166667 0.200000 0.233333 0.266667 0.300000 0.333333 0.366667 0.400000 0.433333 0.466667 0.500000
0.533333 0.566667 0.600000 0.633333 0.666667 0.700000 0.733333 0.766667 0.800000 0.833333 0.866667 0.900000 0.933333 0.966667 1.000000 1.033333
1.066667 1.100000 1.133333 1.166667 1.200000 1.233333 1.266667 1.300000 1.333333 1.366667 1.400000 1.433333 1.466667 1.500000 1.533333 1.566667
1.600000 1.633333 1.666667 1.700000 1.733333 1.766667 1.800000 1.833333 1.866667 1.900000 1.933333 1.966667 2.000000 2.033333 2.066667 2.100000
2.133333 2.166667 2.200000 2.233333 2.266667 2.300000 2.333333 2.366667 2.400000 2.433333 2.466667 2.500000 2.533333 2.566667 2.600000 2.633333
2.666667 2.700000 2.733333 2.766667 2.800000 2.833333 2.866667 2.900000 2.933333 2.966667 3.000000 3.033333 3.066667 3.100000 3.133333 3.166667
3.200000 3.233333 3.266667 3.300000 3.333333 3.366667 3.400000 3.433333 3.466667 3.500000 3.533333 3.566667 3.600000 3.633333 3.666667 3.700000
3.733333 3.766667 3.800000 3.833333 3.866667 3.900000 3.933333 3.966667 4.000000 4.033333 4.066667 4.100000 4.133333 4.166667 4.200000 4.233333
4.266667 4.300000 4.333333 4.366667 4.400000 4.433333 4.466667 4.500000 4.533333 4.566667 4.600000 4.633333 4.666667 4.700000 4.733333 4.766667
4.800000 4.833333 4.866667 4.900000 4.933333 4.966667 5.000000 5.033333 5.066667 5.100000 5.133333 5.166667 5.200000 5.233333 5.266667 5.300000
5.333333 5.366667 5.400000 5.433333 5.466667 5.500000 5.533333 5.566667 5.600000 5.633333 5.666667 5.700000 5.733333 5.766667 5.800000 5.833333
5.866667 5.900000 5.933333 5.966667 6.000000 6.033333 6.066667 6.100000 6.133333 6.166667 6.200000 6.233333 6.266667 6.300000 6.333333 6.366667
6.400000 6.433333 6.466667 6.500000</float_array>
        <technique_common>
          <accessor source="#mixamorig_Spine-Matrix-animation-input-array" count="196">
            <param name="TIME" type="float"/>
          </accessor>
        </technique_common>
      </source>
      <source id="mixamorig_Spine-Matrix-animation-output-transform">
        <float_array id="mixamorig_Spine-Matrix-animation-output-transform-array" count="3136">

0.999979 -0.001334 -0.006306 -0.000000 0.001681 0.998463 0.055406 10.682200 0.006222 -0.055415 0.998444 -0.867500 0.000000 0.000000 0.000000 1.000000
0.999980 -0.001298 -0.006214 -0.000000 0.001638 0.998484 0.055016 10.682200 0.006133 -0.055025 0.998466 -0.867500 0.000000 0.000000 0.000000 1.000000
0.999981 -0.001204 -0.006080 -0.000000 0.001535 0.998502 0.054696 10.682200 0.006005 -0.054705 0.998485 -0.867500 0.000000 0.000000 0.000000 1.000000
0.999982 -0.001065 -0.005898 0.000000 0.001385 0.998514 0.054482 10.682200 0.005831 -0.054490 0.998497 -0.867500 0.000000 0.000000 0.000000 1.000000
0.999983 -0.000905 -0.005717 0.000000 0.001215 0.998517 0.054433 10.682200 0.005660 -0.054439 0.998501 -0.867500 0.000000 0.000000 0.000000 1.000000
0.999985 -0.000691 -0.005525 0.000000 0.000991 0.998510 0.054563 10.682200 0.005479 -0.054567 0.998495 -0.867500 0.000000 0.000000 0.000000 1.000000
0.999986 -0.000469 -0.005315 0.000000 0.000760 0.998497 0.054802 10.682200 0.005281 -0.054805 0.998483 -0.867500 0.000000 0.000000 0.000000 1.000000
0.999987 -0.000304 -0.005129 0.000000 0.000587 0.998481 0.055097 10.682200 0.005104 -0.055099 0.998468 -0.867500 0.000000 0.000000 0.000000 1.000000
0.999988 -0.000166 -0.004953 0.000000 0.000441 0.998461 0.055449 10.682200 0.004936 -0.055450 0.998449 -0.867500 0.000000 0.000000 0.000000 1.000000
0.999988 -0.000114 -0.004800 0.000000 0.000382 0.998442 0.055802 10.682200 0.004786 -0.055803 0.998430 -0.867500 0.000000 0.000000 0.000000 1.000000
0.999989 -0.000256 -0.004734 -0.000000 0.000521 0.998425 0.056094 10.682200 0.004712 -0.056095 0.998414 -0.867500 0.000000 0.000000 0.000000 1.000000
0.999989 -0.000501 -0.004748 -0.000000 0.000767 0.998411 0.056338 10.682200 0.004712 -0.056341 0.998400 -0.867500 0.000000 0.000000 0.000000 1.000000
0.999988 -0.000741 -0.004809 0.000000 0.001012 0.998398 0.056579 10.682200 0.004760 -0.056583 0.998387 -0.867500 0.000000 0.000000 0.000000 1.000000
0.999987 -0.000964 -0.004914 0.000000 0.001242 0.998380 0.056880 10.682200 0.004851 -0.056886 0.998369 -0.867500 0.000000 0.000000 0.000000 1.000000
0.999987 -0.001128 -0.005041 -0.000000 0.001415 0.998358 0.057262 10.682200 0.004968 -0.057269 0.998346 -0.867500 0.000000 0.000000 0.000000 1.000000
0.999986 -0.001209 -0.005173 0.000000 0.001506 0.998333 0.057692 10.682200 0.005095 -0.057699 0.998321 -0.867500 0.000000 0.000000 0.000000 1.000000
0.999985 -0.001270 -0.005316 0.000000 0.001577 0.998307 0.058152 10.682200 0.005233 -0.058159 0.998294 -0.867500 0.000000 0.000000 0.000000 1.000000
0.999984 -0.001350 -0.005447 -0.000000 0.001667 0.998280 0.058610 10.682200 0.005359 -0.058618 0.998266 -0.867500 0.000000 0.000000 0.000000 1.000000
0.999984 -0.001422 -0.005499 0.000000 0.001744 0.998252 0.059079 10.682200 0.005406 -0.059087 0.998238 -0.867500 0.000000 0.000000 0.000000 1.000000
0.999984 -0.001483 -0.005461 0.000000 0.001805 0.998224 0.059544 10.682200 0.005363 -0.059553 0.998211 -0.867500 0.000000 0.000000 0.000000 1.000000
0.999985 -0.001491 -0.005364 -0.000000 0.001810 0.998200 0.059952 10.682200 0.005265 -0.059961 0.998187 -0.867500 0.000000 0.000000 0.000000 1.000000
