<?xml version="1.0" encoding="utf-8"?>
<COLLADA xmlns="http://www.collada.org/2005/11/COLLADASchema" version="1.4.1">
  <asset>
    <contributor>
      <author>Mixamo</author>
      <authoring_tool>COLLADA Mixamo exporter</authoring_tool>
      <comments/>
    </contributor>
    <created>2025-08-18T16:39:01Z</created>
    <modified>2025-08-18T16:39:01Z</modified>
    <revision/>
    <title/>
    <unit meter="0.010000"/>
    <up_axis>Y_UP</up_axis>
  </asset>
  <library_animations>
    <animation id="mixamorig_Hips-anim" name="mixamorig_Hips">
      <source id="mixamorig_Hips-Matrix-animation-input">
        <float_array id="mixamorig_Hips-Matrix-animation-input-array" count="260">

0.000000 0.033333 0.066667 0.100000 0.133333 0.166667 0.200000 0.233333 0.266667 0.300000 0.333333 0.366667 0.400000 0.433333 0.466667 0.500000
0.533333 0.566667 0.600000 0.633333 0.666667 0.700000 0.733333 0.766667 0.800000 0.833333 0.866667 0.900000 0.933333 0.966667 1.000000 1.033333
1.066667 1.100000 1.133333 1.166667 1.200000 1.233333 1.266667 1.300000 1.333333 1.366667 1.400000 1.433333 1.466667 1.500000 1.533333 1.566667
1.600000 1.633333 1.666667 1.700000 1.733333 1.766667 1.800000 1.833333 1.866667 1.900000 1.933333 1.966667 2.000000 2.033333 2.066667 2.100000
2.133333 2.166667 2.200000 2.233333 2.266667 2.300000 2.333333 2.366667 2.400000 2.433333 2.466667 2.500000 2.533333 2.566667 2.600000 2.633333
2.666667 2.700000 2.733333 2.766667 2.800000 2.833333 2.866667 2.900000 2.933333 2.966667 3.000000 3.033333 3.066667 3.100000 3.133333 3.166667
3.200000 3.233333 3.266667 3.300000 3.333333 3.366667 3.400000 3.433333 3.466667 3.500000 3.533333 3.566667 3.600000 3.633333 3.666667 3.700000
3.733333 3.766667 3.800000 3.833333 3.866667 3.900000 3.933333 3.966667 4.000000 4.033333 4.066667 4.100000 4.133333 4.166667 4.200000 4.233333
4.266667 4.300000 4.333333 4.366667 4.400000 4.433333 4.466667 4.500000 4.533333 4.566667 4.600000 4.633333 4.666667 4.700000 4.733333 4.766667
4.800000 4.833333 4.866667 4.900000 4.933333 4.966667 5.000000 5.033333 5.066667 5.100000 5.133333 5.166667 5.200000 5.233333 5.266667 5.300000
5.333333 5.366667 5.400000 5.433333 5.466667 5.500000 5.533333 5.566667 5.600000 5.633333 5.666667 5.700000 5.733333 5.766667 5.800000 5.833333
5.866667 5.900000 5.933333 5.966667 6.000000 6.033333 6.066667 6.100000 6.133333 6.166667 6.200000 6.233333 6.266667 6.300000 6.333333 6.366667
6.400000 6.433333 6.466667 6.500000 6.533333 6.566667 6.600000 6.633333 6.666667 6.700000 6.733333 6.766667 6.800000 6.833333 6.866667 6.900000
6.933333 6.966667 7.000000 7.033333 7.066667 7.100000 7.133333 7.166667 7.200000 7.233333 7.266667 7.300000 7.333333 7.366667 7.400000 7.433333
7.466667 7.500000 7.533333 7.566667 7.600000 7.633333 7.666667 7.700000 7.733333 7.766667 7.800000 7.833333 7.866667 7.900000 7.933333 7.966667
8.000000 8.033333 8.066667 8.100000 8.133333 8.166667 8.200000 8.233333 8.266667 8.300000 8.333333 8.366667 8.400000 8.433333 8.466667 8.500000
8.533333 8.566667 8.600000 8.633333</float_array>
        <technique_common>
          <accessor source="#mixamorig_Hips-Matrix-animation-input-array" count="260">
            <param name="TIME" type="float"/>
          </accessor>
        </technique_common>
      </source>
      <source id="mixamorig_Hips-Matrix-animation-output-transform">
        <float_array id="mixamorig_Hips-Matrix-animation-output-transform-array" count="4160">

0.974999 -0.029101 0.220296 32.335262 0.078283 0.972812 -0.217963 43.329418 -0.207964 0.229759 0.950769 -24.516354 0.000000 0.000000 0.000000 1.000000
0.974999 -0.029101 0.220296 32.335224 0.078283 0.972812 -0.217963 43.329357 -0.207964 0.229759 0.950769 -24.516479 0.000000 0.000000 0.000000 1.000000
0.974883 -0.028944 0.220831 32.370869 0.077846 0.973263 -0.216099 43.397396 -0.208672 0.227862 0.951070 -24.395277 0.000000 0.000000 0.000000 1.000000
0.974696 -0.028581 0.221701 32.409111 0.077392 0.973602 -0.214733 43.456242 -0.209712 0.226457 0.951177 -24.273188 0.000000 0.000000 0.000000 1.000000
0.974514 -0.027509 0.222634 32.439922 0.076104 0.974137 -0.212755 43.507690 -0.211024 0.224276 0.951404 -24.167847 0.000000 0.000000 0.000000 1.000000
0.974438 -0.024198 0.223348 32.457172 0.072102 0.975274 -0.208907 43.560303 -0.212770 0.219671 0.952089 -24.069489 0.000000 0.000000 0.000000 1.000000
0.974402 -0.023212 0.223611 32.477615 0.071249 0.975267 -0.209233 43.576984 -0.213224 0.219809 0.951956 -24.016701 0.000000 0.000000 0.000000 1.000000
0.974551 -0.021300 0.223152 32.472542 0.069115 0.975529 -0.208726 43.588989 -0.213245 0.218837 0.952175 -23.994873 0.000000 0.000000 0.000000 1.000000
0.974699 -0.019258 0.222690 32.448147 0.067318 0.975316 -0.210300 43.584328 -0.213143 0.219970 0.951936 -24.002151 0.000000 0.000000 0.000000 1.000000
0.974809 -0.019297 0.222204 32.424976 0.068628 0.973868 -0.216498 43.540966 -0.212220 0.226294 0.950660 -24.054058 0.000000 0.000000 0.000000 1.000000
0.974913 -0.017534 0.221894 32.385441 0.068320 0.972344 -0.223338 43.499367 -0.211841 0.232895 0.949149 -24.115246 0.000000 0.000000 0.000000 1.000000
0.975222 -0.014427 0.220758 32.314026 0.066478 0.970864 -0.230225 43.428833 -0.211005 0.239196 0.947767 -24.228502 0.000000 0.000000 0.000000 1.000000
0.975609 -0.010703 0.219254 32.220898 0.064525 0.968669 -0.239825 43.328285 -0.209818 0.248123 0.945733 -24.362591 0.000000 0.000000 0.000000 1.000000
0.975918 -0.007583 0.218007 32.118546 0.063716 0.965722 -0.251636 43.168953 -0.208627 0.259467 0.942949 -24.570499 0.000000 0.000000 0.000000 1.000000
0.976180 -0.003470 0.216936 32.008614 0.062736 0.961675 -0.266920 42.968937 -0.207696 0.274172 0.938985 -24.821573 0.000000 0.000000 0.000000 1.000000
0.976497 -0.001345 0.215529 31.926134 0.064745 0.955628 -0.287374 42.728416 -0.205579 0.294574 0.933254 -25.068604 0.000000 0.000000 0.000000 1.000000
0.976593 -0.001816 0.215089 31.859991 0.067969 0.951333 -0.300575 42.554283 -0.204076 0.308158 0.929189 -25.242924 0.000000 0.000000 0.000000 1.000000
0.976742 -0.003442 0.214388 31.835688 0.069359 0.951185 -0.300725 42.521980 -0.202888 0.308601 0.929302 -25.335218 0.000000 0.000000 0.000000 1.000000
0.976650 -0.006350 0.214743 31.871136 0.070055 0.954341 -0.290389 42.628609 -0.203094 0.298653 0.932502 -25.337130 0.000000 0.000000 0.000000 1.000000
0.976431 -0.011109 0.215542 31.959396 0.070939 0.959708 -0.271899 42.825916 -0.203837 0.280781 0.937877 -25.228458 0.000000 0.000000 0.000000 1.000000
0.976068 -0.017194 0.216784 32.062546 0.071922 0.966295 -0.247185 43.024750 -0.205227 0.256861 0.944407 -25.056686 0.000000 0.000000 0.000000 1.000000
0.975304 -0.022606 0.219706 32.139511 0.073252 0.971553 -0.225208 43.236942 -0.208365 0.235740 0.949216 -24.808018 0.000000 0.000000 0.000000 1.000000
0.974916 -0.027360 0.220885 32.237156 0.074048 0.975754 -0.205964 43.446651 -0.209894 0.217154 0.953304 -24.532764 0.000000 0.000000 0.000000 1.000000
0.974817 -0.032231 0.220665 32.327728 0.075081 0.979168 -0.188659 43.642433 -0.209987 0.200476 0.956930 -24.259512 0.000000 0.000000 0.000000 1.000000
0.974849 -0.035555 0.220011 32.414383 0.075071 0.981888 -0.173955 43.821434 -0.209841 0.186097 0.959862 -23.977320 0.000000 0.000000 0.000000 1.000000
0.974608 -0.038470 0.220590 32.502995 0.075938 0.983536 -0.163984 43.963329 -0.210649 0.176571 0.961483 -23.713249 0.000000 0.000000 0.000000 1.000000
0.974219 -0.040585 0.221926 32.575695 0.077449 0.984070 -0.160026 44.057602 -0.211896 0.173088 0.961842 -23.496115 0.000000 0.000000 0.000000 1.000000
0.974004 -0.041371 0.222721 32.637138 0.078190 0.984156 -0.159133 44.116852 -0.212609 0.172411 0.961807 -23.307919 0.000000 0.000000 0.000000 1.000000
0.974063 -0.040222 0.222674 32.660934 0.077433 0.983913 -0.160997 44.145515 -0.212616 0.174064 0.961507 -23.152456 0.000000 0.000000 0.000000 1.000000
0.974393 -0.036895 0.221804 32.647270 0.075213 0.983104 -0.166882 44.121563 -0.211900 0.179291 0.960705 -23.082781 0.000000 0.000000 0.000000 1.000000
0.975284 -0.030268 0.218872 32.596912 0.070962 0.981004 -0.180540 44.041931 -0.209250 0.191609 0.958906 -23.078655 0.000000 0.000000 0.000000 1.000000
0.976209 -0.020222 0.215887 32.470730 0.064653 0.977499 -0.200790 43.873863 -0.206969 0.209971 0.955550 -23.183624 0.000000 0.000000 0.000000 1.000000
0.976755 -0.017758 0.213620 32.346588 0.067674 0.971142 -0.228700 43.596851 -0.203394 0.237841 0.949770 -23.430134 0.000000 0.000000 0.000000 1.000000
0.977326 -0.015040 0.211205 32.196884 0.070533 0.963630 -0.257762 43.300526 -0.199647 0.266815 0.942842 -23.701351 0.000000 0.000000 0.000000 1.000000
0.977310 -0.013234 0.211400 32.074062 0.073580 0.957104 -0.280247 43.069756 -0.198623 0.289443 0.936361 -23.990660 0.000000 0.000000 0.000000 1.000000
0.977549 -0.011828 0.210376 31.975721 0.074481 0.953364 -0.292489 42.935642 -0.197105 0.301591 0.932841 -24.245783 0.000000 0.000000 0.000000 1.000000
0.977662 -0.011808 0.209850 31.928724 0.074324 0.953336 -0.292621 42.895561 -0.196602 0.301682 0.932918 -24.457552 0.000000 0.000000 0.000000 1.000000
0.977269 -0.013752 0.211555 31.947790 0.074291 0.956832 -0.280988 42.920834 -0.198558 0.290318 0.936104 -24.590294 0.000000 0.000000 0.000000 1.000000
0.976661 -0.018606 0.213979 32.032372 0.076026 0.961691 -0.263384 42.995209 -0.200881 0.273505 0.940660 -24.635605 0.000000 0.000000 0.000000 1.000000
0.975748 -0.024702 0.217498 32.172474 0.078316 0.967238 -0.241491 43.133141 -0.204407 0.252668 0.945715 -24.622450 0.000000 0.000000 0.000000 1.000000
0.975043 -0.028842 0.220135 32.324402 0.078339 0.972445 -0.219578 43.315201 -0.207736 0.231343 0.950435 -24.526560 0.000000 0.000000 0.000000 1.000000
0.974859 -0.031195 0.220628 32.448097 0.076841 0.976477 -0.201464 43.488373 -0.209153 0.213353 0.954325 -24.372913 0.000000 0.000000 0.000000 1.000000
0.974932 -0.033535 0.219962 32.568909 0.075307 0.979966 -0.184378 43.650272 -0.209372 0.196320 0.957926 -24.171549 0.000000 0.000000 0.000000 1.000000
0.974772 -0.036085 0.220268 32.672417 0.075493 0.981986 -0.173215 43.786243 -0.210050 0.185474 0.959937 -23.956814 0.000000 0.000000 0.000000 1.000000
0.974251 -0.037003 0.222408 32.728958 0.075293 0.983207 -0.166240 43.891445 -0.212522 0.178706 0.960676 -23.746195 0.000000 0.000000 0.000000 1.000000
0.974100 -0.037291 0.223023 32.765114 0.075586 0.983271 -0.165726 43.973679 -0.213112 0.178291 0.960623 -23.529343 0.000000 0.000000 0.000000 1.000000
0.974203 -0.036164 0.222758 32.773617 0.075315 0.982586 -0.169862 44.037117 -0.212736 0.182257 0.959961 -23.313063 0.000000 0.000000 0.000000 1.000000
0.974467 -0.033377 0.222036 32.739578 0.073940 0.981434 -0.176975 44.068901 -0.212006 0.188874 0.958843 -23.125483 0.000000 0.000000 0.000000 1.000000
0.975313 -0.028199 0.219020 32.688778 0.071702 0.978514 -0.193312 44.055935 -0.208863 0.204244 0.956379 -22.930241 0.000000 0.000000 0.000000 1.000000
0.976570 -0.020310 0.214237 32.628052 0.067925 0.973735 -0.217316 43.989403 -0.204197 0.226777 0.952300 -22.757027 0.000000 0.000000 0.000000 1.000000
0.977432 -0.010325 0.210997 32.503746 0.062430 0.968310 -0.241821 43.845757 -0.201814 0.249537 0.947102 -22.710520 0.000000 0.000000 0.000000 1.000000
0.978586 0.001680 0.205831 32.340363 0.056443 0.959447 -0.276180 43.612873 -0.197948 0.281883 0.938807 -22.735260 0.000000 0.000000 0.000000 1.000000
0.979387 0.009644 0.201763 32.146980 0.056303 0.946237 -0.318536 43.260471 -0.193988 0.323330 0.926189 -22.864044 0.000000 0.000000 0.000000 1.000000
0.979638 0.014833 0.200222 31.979322 0.058897 0.932160 -0.357225 42.910675 -0.191937 0.361744 0.912306 -23.026035 0.000000 0.000000 0.000000 1.000000
0.979710 0.019640 0.199455 31.824011 0.061408 0.917907 -0.392016 42.598694 -0.190781 0.396310 0.898076 -23.194908 0.000000 0.000000 0.000000 1.000000
0.979858 0.022463 0.198430 31.720819 0.063100 0.907918 -0.414370 42.341995 -0.189466 0.418545 0.888213 -23.391644 0.000000 0.000000 0.000000 1.000000
0.979832 0.022352 0.198571 31.712139 0.064808 0.904463 -0.421601 42.205708 -0.189024 0.425967 0.884772 -23.602400 0.000000 0.000000 0.000000 1.000000
0.979489 0.018445 0.200654 31.779219 0.068041 0.907035 -0.415520 42.100212 -0.189664 0.420650 0.887176 -23.864969 0.000000 0.000000 0.000000 1.000000
0.978802 0.013691 0.204350 31.921848 0.070833 0.913562 -0.400483 42.083736 -0.192169 0.406468 0.893227 -24.101704 0.000000 0.000000 0.000000 1.000000
0.978247 0.008450 0.207269 32.080914 0.072129 0.922969 -0.378056 42.157009 -0.194498 0.384782 0.902282 -24.322472 0.000000 0.000000 0.000000 1.000000
0.977520 0.002993 0.210820 32.230701 0.073015 0.933222 -0.351803 42.277878 -0.197795 0.359287 0.912025 -24.536064 0.000000 0.000000 0.000000 1.000000
0.976989 -0.002355 0.213277 32.367905 0.073884 0.941764 -0.328057 42.368324 -0.200084 0.336266 0.920267 -24.743803 0.000000 0.000000 0.000000 1.000000
0.976191 -0.007042 0.216799 32.461571 0.074152 0.950092 -0.303029 42.391918 -0.203845 0.311890 0.927993 -24.980947 0.000000 0.000000 0.000000 1.000000
0.975516 -0.012287 0.219583 32.517414 0.075170 0.956934 -0.280406 42.406662 -0.206681 0.290047 0.934428 -25.210760 0.000000 0.000000 0.000000 1.000000
0.975334 -0.016080 0.220149 32.524227 0.075062 0.962069 -0.262275 42.417618 -0.207581 0.272330 0.939546 -25.409286 0.000000 0.000000 0.000000 1.000000
0.975225 -0.019365 0.220368 32.466583 0.075547 0.965427 -0.249487 42.432541 -0.207917 0.259954 0.942971 -25.576126 0.000000 0.000000 0.000000 1.000000
0.975389 -0.022466 0.219343 32.361706 0.076074 0.967999 -0.239146 42.441940 -0.206951 0.249947 0.945885 -25.687969 0.000000 0.000000 0.000000 1.000000
0.975636 -0.025421 0.217918 32.245464 0.076516 0.970326 -0.229376 42.451397 -0.205620 0.240462 0.948630 -25.777500 0.000000 0.000000 0.000000 1.000000
0.976101 -0.028535 0.215436 32.113518 0.077259 0.972144 -0.221286 42.447929 -0.203120 0.232642 0.951115 -25.860731 0.000000 0.000000 0.000000 1.000000
0.976903 -0.032087 0.211258 31.960499 0.078675 0.973221 -0.215988 42.420258 -0.198670 0.227620 0.953268 -25.953909 0.000000 0.000000 0.000000 1.000000
0.978140 -0.036383 0.204740 31.782993 0.081124 0.973326 -0.214607 42.356739 -0.191471 0.226525 0.955000 -26.073555 0.000000 0.000000 0.000000 1.000000
0.979851 -0.041686 0.195329 31.577862 0.084849 0.972219 -0.218153 42.247051 -0.180809 0.230331 0.956167 -26.234983 0.000000 0.000000 0.000000 1.000000
0.981889 -0.047735 0.183343 31.347103 0.089410 0.969946 -0.226298 42.100399 -0.167031 0.238592 0.956648 -26.430801 0.000000 0.000000 0.000000 1.000000
0.984059 -0.054491 0.169291 31.093716 0.094499 0.966614 -0.238175 41.923740 -0.150660 0.250376 0.956354 -26.652149 0.000000 0.000000 0.000000 1.000000
0.986188 -0.062053 0.153565 30.819960 0.099949 0.962283 -0.253025 41.719940 -0.132072 0.264879 0.955194 -26.892641 0.000000 0.000000 0.000000 1.000000
0.988120 -0.070480 0.136570 30.528137 0.105591 0.957029 -0.270084 41.492622 -0.111666 0.281296 0.953102 -27.145067 0.000000 0.000000 0.000000 1.000000
0.989713 -0.079891 0.118685 30.218725 0.111369 0.950955 -0.288586 41.243259 -0.089808 0.298835 0.950070 -27.404472 0.000000 0.000000 0.000000 1.000000
0.990850 -0.090287 0.100318 29.895348 0.117198 0.944216 -0.307768 40.975807 -0.066934 0.316709 0.946158 -27.664036 0.000000 0.000000 0.000000 1.000000
0.991446 -0.101642 0.081878 29.563725 0.123057 0.937020 -0.326880 40.696632 -0.043496 0.334159 0.941512 -27.917143 0.000000 0.000000 0.000000 1.000000
0.991372 -0.115433 0.062110 29.172913 0.129921 0.928202 -0.348655 40.338554 -0.017404 0.353716 0.935191 -28.166588 0.000000 0.000000 0.000000 1.000000
0.990735 -0.127124 0.047791 28.714060 0.135765 0.917997 -0.372624 39.900536 0.003497 0.375660 0.926751 -28.401506 0.000000 0.000000 0.000000 1.000000
0.989466 -0.140882 0.033299 28.287380 0.142308 0.904419 -0.402212 39.591240 0.026548 0.402714 0.914941 -28.524179 0.000000 0.000000 0.000000 1.000000
0.987546 -0.156348 0.017549 27.911644 0.148539 0.889784 -0.431533 39.351776 0.051854 0.428765 0.901927 -28.562704 0.000000 0.000000 0.000000 1.000000
0.985401 -0.170247 0.000449 27.492188 0.151361 0.874875 -0.460091 39.100830 0.077936 0.453442 0.887872 -28.604153 0.000000 0.000000 0.000000 1.000000
0.982393 -0.186159 -0.015803 27.215614 0.154557 0.857311 -0.491050 39.005527 0.104961 0.479961 0.870988 -28.486433 0.000000 0.000000 0.000000 1.000000
0.978792 -0.202057 -0.033759 26.971706 0.155306 0.839358 -0.520920 38.932312 0.133592 0.504630 0.852937 -28.287138 0.000000 0.000000 0.000000 1.000000
0.975224 -0.215647 -0.049331 26.724527 0.153531 0.820337 -0.550886 38.819878 0.159265 0.529664 0.833121 -28.037737 0.000000 0.000000 0.000000 1.000000
0.971822 -0.227972 -0.059918 26.528193 0.151930 0.800163 -0.580221 38.704926 0.180219 0.554769 0.812252 -27.750181 0.000000 0.000000 0.000000 1.000000
0.968174 -0.238978 -0.074347 26.377052 0.145845 0.780132 -0.608378 38.628426 0.203390 0.578173 0.790158 -27.428572 0.000000 0.000000 0.000000 1.000000
0.964362 -0.249154 -0.089043 26.275419 0.138203 0.761316 -0.633481 38.600128 0.225624 0.598598 0.768618 -27.086012 0.000000 0.000000 0.000000 1.000000
0.960552 -0.259557 -0.099853 26.212294 0.133634 0.745672 -0.652775 38.610962 0.243890 0.613681 0.750942 -26.723307 0.000000 0.000000 0.000000 1.000000
0.957075 -0.269342 -0.107058 26.176941 0.131232 0.732036 -0.668507 38.619820 0.258428 0.625762 0.735960 -26.360739 0.000000 0.000000 0.000000 1.000000
0.953042 -0.279595 -0.116352 26.166822 0.127764 0.719557 -0.682579 38.581772 0.274567 0.635661 0.721490 -26.027916 0.000000 0.000000 0.000000 1.000000
0.948552 -0.289968 -0.127149 26.141315 0.123816 0.709316 -0.693931 38.568623 0.291407 0.642487 0.708726 -25.730572 0.000000 0.000000 0.000000 1.000000
0.947007 -0.293271 -0.131030 26.168734 0.120228 0.701901 -0.702055 38.578854 0.297863 0.649097 0.699965 -25.459044 0.000000 0.000000 0.000000 1.000000
0.946523 -0.294321 -0.132175 26.220407 0.117676 0.696376 -0.707964 38.601032 0.300412 0.654550 0.693770 -25.214205 0.000000 0.000000 0.000000 1.000000
0.945975 -0.295646 -0.133131 26.267647 0.116089 0.692203 -0.712305 38.623878 0.302744 0.658368 0.689128 -24.999592 0.000000 0.000000 0.000000 1.000000
0.945606 -0.296528 -0.133795 26.297001 0.114405 0.688124 -0.716517 38.632854 0.304535 0.662236 0.684618 -24.824100 0.000000 0.000000 0.000000 1.000000
0.945532 -0.296705 -0.133920 26.311457 0.112935 0.684829 -0.719899 38.632828 0.305310 0.665564 0.681036 -24.693268 0.000000 0.000000 0.000000 1.000000
0.945459 -0.296784 -0.134265 26.319532 0.111586 0.682329 -0.722479 38.629555 0.306033 0.668092 0.678231 -24.587242 0.000000 0.000000 0.000000 1.000000
0.945399 -0.296938 -0.134346 26.321007 0.110587 0.680021 -0.724805 38.623840 0.306580 0.670373 0.675729 -24.499928 0.000000 0.000000 0.000000 1.000000
0.945444 -0.296966 -0.133963 26.324970 0.109856 0.677728 -0.727060 38.611931 0.306702 0.672679 0.673378 -24.428656 0.000000 0.000000 0.000000 1.000000
0.945621 -0.296810 -0.133058 26.328789 0.109593 0.675882 -0.728816 38.613945 0.306251 0.674601 0.671657 -24.365120 0.000000 0.000000 0.000000 1.000000
0.946497 -0.295663 -0.129331 26.356333 0.111156 0.674928 -0.729463 38.618130 0.302964 0.676059 0.671682 -24.308405 0.000000 0.000000 0.000000 1.000000
0.946998 -0.294634 -0.128009 26.372089 0.111040 0.674149 -0.730201 38.619843 0.301439 0.677284 0.671133 -24.262993 0.000000 0.000000 0.000000 1.000000
0.947305 -0.293801 -0.127651 26.392031 0.110324 0.673346 -0.731050 38.628986 0.300737 0.678444 0.670277 -24.221195 0.000000 0.000000 0.000000 1.000000
0.947631 -0.292929 -0.127229 26.422520 0.109750 0.672813 -0.731626 38.642311 0.299916 0.679349 0.669728 -24.181625 0.000000 0.000000 0.000000 1.000000
0.948024 -0.291762 -0.126983 26.451248 0.108831 0.672311 -0.732225 38.657627 0.299007 0.680347 0.669120 -24.145245 0.000000 0.000000 0.000000 1.000000
0.948428 -0.290536 -0.126778 26.476299 0.107739 0.671579 -0.733058 38.658352 0.298121 0.681594 0.668246 -24.114470 0.000000 0.000000 0.000000 1.000000
0.948809 -0.289644 -0.125968 26.508856 0.107632 0.671446 -0.733195 38.667961 0.296946 0.682104 0.668249 -24.082588 0.000000 0.000000 0.000000 1.000000
0.949253 -0.288459 -0.125339 26.535704 0.107196 0.671389 -0.733311 38.684608 0.295681 0.682662 0.668240 -24.055002 0.000000 0.000000 0.000000 1.000000
0.949705 -0.287218 -0.124765 26.560595 0.106758 0.671521 -0.733255 38.704773 0.294387 0.683056 0.668409 -24.032993 0.000000 0.000000 0.000000 1.000000
0.950119 -0.286222 -0.123900 26.582718 0.106723 0.671636 -0.733154 38.734646 0.293061 0.683360 0.668681 -24.016558 0.000000 0.000000 0.000000 1.000000
0.950458 -0.285340 -0.123330 26.596848 0.106490 0.671621 -0.733202 38.742905 0.292043 0.683744 0.668733 -23.997658 0.000000 0.000000 0.000000 1.000000
0.950838 -0.284274 -0.122865 26.610727 0.106101 0.671752 -0.733139 38.754704 0.290947 0.684060 0.668889 -23.988516 0.000000 0.000000 0.000000 1.000000
0.951173 -0.283368 -0.122361 26.623405 0.105961 0.672117 -0.732824 38.770676 0.289900 0.684077 0.669326 -23.985590 0.000000 0.000000 0.000000 1.000000
0.951503 -0.282537 -0.121720 26.635048 0.105933 0.672365 -0.732601 38.785484 0.288827 0.684177 0.669687 -23.981613 0.000000 0.000000 0.000000 1.000000
0.951724 -0.281951 -0.121344 26.642485 0.105889 0.672621 -0.732372 38.796616 0.288112 0.684167 0.670005 -23.984167 0.000000 0.000000 0.000000 1.000000
0.951913 -0.281598 -0.120680 26.648985 0.106302 0.673022 -0.731944 38.810066 0.287334 0.683918 0.670593 -23.990452 0.000000 0.000000 0.000000 1.000000
0.952099 -0.281171 -0.120211 26.654491 0.106486 0.673368 -0.731598 38.820389 0.286650 0.683753 0.671054 -24.000896 0.000000 0.000000 0.000000 1.000000
0.952279 -0.280777 -0.119704 26.651783 0.106693 0.673641 -0.731317 38.826115 0.285975 0.683646 0.671451 -24.015371 0.000000 0.000000 0.000000 1.000000
0.952413 -0.280584 -0.119090 26.644247 0.107205 0.674086 -0.730832 38.834106 0.285337 0.683287 0.672088 -24.029652 0.000000 0.000000 0.000000 1.000000
0.952532 -0.280376 -0.118625 26.637621 0.107607 0.674571 -0.730325 38.840607 0.284786 0.682893 0.672721 -24.045071 0.000000 0.000000 0.000000 1.000000
0.952603 -0.280158 -0.118568 26.623726 0.107608 0.674864 -0.730054 38.844456 0.284547 0.682694 0.673025 -24.066898 0.000000 0.000000 0.000000 1.000000
0.952569 -0.280355 -0.118375 26.617241 0.108184 0.675534 -0.729349 38.853798 0.284443 0.681949 0.673823 -24.090916 0.000000 0.000000 0.000000 1.000000
0.952514 -0.280628 -0.118174 26.606005 0.108643 0.675770 -0.729062 38.854633 0.284453 0.681603 0.674169 -24.119041 0.000000 0.000000 0.000000 1.000000
0.952400 -0.281051 -0.118089 26.587858 0.109021 0.675752 -0.729023 38.847355 0.284691 0.681447 0.674226 -24.155491 0.000000 0.000000 0.000000 1.000000
0.952231 -0.281646 -0.118029 26.562466 0.109571 0.675880 -0.728821 38.832413 0.285043 0.681074 0.674455 -24.190620 0.000000 0.000000 0.000000 1.000000
0.952069 -0.282239 -0.117919 26.535746 0.110307 0.676363 -0.728262 38.824074 0.285300 0.680348 0.675078 -24.226606 0.000000 0.000000 0.000000 1.000000
0.951895 -0.282929 -0.117675 26.505972 0.111145 0.676667 -0.727852 38.821053 0.285558 0.679759 0.675562 -24.258196 0.000000 0.000000 0.000000 1.000000
0.951706 -0.283653 -0.117459 26.475410 0.112098 0.677230 -0.727182 38.823761 0.285814 0.678897 0.676321 -24.288036 0.000000 0.000000 0.000000 1.000000
0.951596 -0.284043 -0.117410 26.444721 0.112635 0.677711 -0.726650 38.823902 0.285970 0.678253 0.676900 -24.314953 0.000000 0.000000 0.000000 1.000000
0.951484 -0.284454 -0.117318 26.417318 0.113388 0.678584 -0.725718 38.827549 0.286044 0.677207 0.677916 -24.345530 0.000000 0.000000 0.000000 1.000000
0.951379 -0.284938 -0.116998 26.395721 0.114439 0.679621 -0.724582 38.828625 0.285975 0.675963 0.679185 -24.381794 0.000000 0.000000 0.000000 1.000000
0.951378 -0.284932 -0.117022 26.372736 0.114831 0.680599 -0.723601 38.826241 0.285822 0.674980 0.680226 -24.428408 0.000000 0.000000 0.000000 1.000000
0.951449 -0.284636 -0.117162 26.354900 0.115022 0.681838 -0.722403 38.821503 0.285508 0.673853 0.681474 -24.485237 0.000000 0.000000 0.000000 1.000000
0.951512 -0.284384 -0.117263 26.346628 0.115149 0.682778 -0.721495 38.816963 0.285246 0.673008 0.682418 -24.544374 0.000000 0.000000 0.000000 1.000000
0.951606 -0.284006 -0.117415 26.347317 0.115378 0.684274 -0.720040 38.815010 0.284839 0.671647 0.683927 -24.610159 0.000000 0.000000 0.000000 1.000000
0.951772 -0.283306 -0.117765 26.347383 0.115299 0.685985 -0.718423 38.804550 0.284318 0.670196 0.685566 -24.689331 0.000000 0.000000 0.000000 1.000000
0.952089 -0.282204 -0.117845 26.343155 0.114980 0.687382 -0.717137 38.792732 0.283383 0.669228 0.686897 -24.775158 0.000000 0.000000 0.000000 1.000000
0.951914 -0.281819 -0.120158 26.333603 0.113602 0.688939 -0.715862 38.776485 0.284526 0.667789 0.687825 -24.879560 0.000000 0.000000 0.000000 1.000000
0.952276 -0.280336 -0.120759 26.333986 0.112660 0.690486 -0.714519 38.759201 0.283688 0.666814 0.689116 -25.002756 0.000000 0.000000 0.000000 1.000000
0.953033 -0.277879 -0.120462 26.345018 0.111931 0.692737 -0.712452 38.741230 0.281423 0.665507 0.691304 -25.146355 0.000000 0.000000 0.000000 1.000000
0.953708 -0.275636 -0.120270 26.377390 0.111719 0.696030 -0.709268 38.731472 0.279212 0.662999 0.694603 -25.291794 0.000000 0.000000 0.000000 1.000000
0.953634 -0.274975 -0.122355 26.397928 0.111051 0.699334 -0.706116 38.722130 0.279731 0.659788 0.697445 -25.445501 0.000000 0.000000 0.000000 1.000000
0.953436 -0.275371 -0.123006 26.445805 0.112630 0.703443 -0.701770 38.726513 0.279775 0.655239 0.701703 -25.597477 0.000000 0.000000 0.000000 1.000000
0.953112 -0.276705 -0.122524 26.498943 0.115574 0.707026 -0.697679 38.729736 0.279679 0.650806 0.705855 -25.730278 0.000000 0.000000 0.000000 1.000000
0.952606 -0.278756 -0.121806 26.549187 0.119436 0.710971 -0.693005 38.736450 0.279780 0.645612 0.710569 -25.850620 0.000000 0.000000 0.000000 1.000000
0.952014 -0.281067 -0.121122 26.600178 0.123651 0.715243 -0.687850 38.764515 0.279963 0.639866 0.715676 -25.956432 0.000000 0.000000 0.000000 1.000000
0.951446 -0.283267 -0.120462 26.652376 0.127454 0.718755 -0.683482 38.802319 0.280190 0.634942 0.719960 -26.031662 0.000000 0.000000 0.000000 1.000000
0.950890 -0.285015 -0.120724 26.698483 0.129945 0.721575 -0.680032 38.833504 0.280931 0.630948 0.723175 -26.087130 0.000000 0.000000 0.000000 1.000000
0.950420 -0.286020 -0.122041 26.733759 0.130980 0.724145 -0.677095 38.867920 0.282038 0.627540 0.725705 -26.119392 0.000000 0.000000 0.000000 1.000000
0.950039 -0.286773 -0.123236 26.763678 0.131300 0.725361 -0.675730 38.895443 0.283172 0.625789 0.726775 -26.133625 0.000000 0.000000 0.000000 1.000000
0.949731 -0.287326 -0.124319 26.785572 0.131143 0.725706 -0.675391 38.916309 0.284276 0.625136 0.726906 -26.133419 0.000000 0.000000 0.000000 1.000000
0.949289 -0.288302 -0.125426 26.784077 0.130953 0.725247 -0.675920 38.932693 0.285834 0.625219 0.726223 -26.123005 0.000000 0.000000 0.000000 1.000000
0.948766 -0.289753 -0.126039 26.761774 0.131254 0.724238 -0.676943 38.944366 0.287428 0.625718 0.725163 -26.095114 0.000000 0.000000 0.000000 1.000000
0.948219 -0.291319 -0.126544 26.723785 0.131466 0.722673 -0.678573 38.947464 0.289131 0.626799 0.723551 -26.056278 0.000000 0.000000 0.000000 1.000000
0.947861 -0.292333 -0.126889 26.683231 0.130927 0.720228 -0.681270 38.946095 0.290547 0.629136 0.720951 -26.009129 0.000000 0.000000 0.000000 1.000000
0.947613 -0.293216 -0.126701 26.665304 0.130335 0.717079 -0.684697 38.951546 0.291619 0.632315 0.717730 -25.949120 0.000000 0.000000 0.000000 1.000000
0.947330 -0.293969 -0.127075 26.646847 0.128969 0.713368 -0.688820 38.950905 0.293143 0.636151 0.713707 -25.877983 0.000000 0.000000 0.000000 1.000000
0.947083 -0.294754 -0.127099 26.654177 0.127943 0.709790 -0.692697 38.960793 0.294388 0.639780 0.709942 -25.791027 0.000000 0.000000 0.000000 1.000000
0.946815 -0.295385 -0.127630 26.662071 0.126325 0.706008 -0.696846 38.973923 0.295946 0.643662 0.705773 -25.699406 0.000000 0.000000 0.000000 1.000000
0.946677 -0.295532 -0.128310 26.672155 0.123963 0.701704 -0.701602 38.993332 0.297381 0.648284 0.700922 -25.593859 0.000000 0.000000 0.000000 1.000000
0.946675 -0.295522 -0.128351 26.688831 0.121808 0.697077 -0.706574 39.013947 0.298279 0.653262 0.695901 -25.483154 0.000000 0.000000 0.000000 1.000000
0.946670 -0.294991 -0.129597 26.695778 0.118445 0.692670 -0.711462 39.038277 0.299643 0.658170 0.690671 -25.369644 0.000000 0.000000 0.000000 1.000000
0.946552 -0.294985 -0.130472 26.704790 0.115592 0.687858 -0.716582 39.060642 0.301127 0.663201 0.685191 -25.248043 0.000000 0.000000 0.000000 1.000000
0.946445 -0.294959 -0.131302 26.694826 0.112542 0.682566 -0.722107 39.064896 0.302614 0.668658 0.679207 -25.129963 0.000000 0.000000 0.000000 1.000000
0.946819 -0.293533 -0.131804 26.660858 0.108349 0.676551 -0.728381 39.054237 0.302976 0.675364 0.672375 -25.018898 0.000000 0.000000 0.000000 1.000000
0.947009 -0.292919 -0.131801 26.637199 0.105536 0.671303 -0.733631 39.057701 0.303373 0.680846 0.666643 -24.909725 0.000000 0.000000 0.000000 1.000000
0.947109 -0.292392 -0.132254 26.616829 0.102910 0.667085 -0.737840 39.066784 0.303963 0.685204 0.661892 -24.806276 0.000000 0.000000 0.000000 1.000000
0.947418 -0.291607 -0.131776 26.615980 0.101106 0.663490 -0.741322 39.067940 0.303607 0.689019 0.658085 -24.719473 0.000000 0.000000 0.000000 1.000000
0.947687 -0.291175 -0.130790 26.634327 0.100355 0.660754 -0.743864 39.065868 0.303015 0.691825 0.655409 -24.648874 0.000000 0.000000 0.000000 1.000000
0.947705 -0.291497 -0.129944 26.652819 0.100071 0.658035 -0.746308 39.057514 0.303054 0.694276 0.652793 -24.596907 0.000000 0.000000 0.000000 1.000000
0.947764 -0.291664 -0.129137 26.672985 0.100132 0.656435 -0.747707 39.052525 0.302849 0.695719 0.651350 -24.566845 0.000000 0.000000 0.000000 1.000000
0.947804 -0.291442 -0.129342 26.679836 0.100040 0.656971 -0.747249 39.055542 0.302754 0.695306 0.651835 -24.546110 0.000000 0.000000 0.000000 1.000000
0.947991 -0.290951 -0.129078 26.691380 0.100160 0.657604 -0.746676 39.053669 0.302128 0.694914 0.652544 -24.531420 0.000000 0.000000 0.000000 1.000000
0.948266 -0.290171 -0.128814 26.696993 0.100515 0.659270 -0.745157 39.049919 0.301146 0.693659 0.654330 -24.526485 0.000000 0.000000 0.000000 1.000000
0.948436 -0.289384 -0.129332 26.694754 0.100278 0.661007 -0.743649 39.038265 0.300689 0.692334 0.655942 -24.535189 0.000000 0.000000 0.000000 1.000000
0.948515 -0.289005 -0.129600 26.684744 0.100454 0.662544 -0.742256 39.027039 0.300382 0.691022 0.657465 -24.556107 0.000000 0.000000 0.000000 1.000000
0.948524 -0.288954 -0.129647 26.674458 0.101098 0.664198 -0.740689 39.012993 0.300137 0.689454 0.659220 -24.581699 0.000000 0.000000 0.000000 1.000000
0.948442 -0.289169 -0.129769 26.655518 0.101901 0.665890 -0.739058 38.993774 0.300124 0.687730 0.661024 -24.612352 0.000000 0.000000 0.000000 1.000000
0.948567 -0.288933 -0.129379 26.634207 0.103240 0.668666 -0.736360 38.977062 0.299270 0.685130 0.664104 -24.639482 0.000000 0.000000 0.000000 1.000000
0.948610 -0.288876 -0.129190 26.607653 0.104275 0.670797 -0.734274 38.956009 0.298774 0.683068 0.666447 -24.675911 0.000000 0.000000 0.000000 1.000000
0.948639 -0.288999 -0.128699 26.585655 0.105568 0.672671 -0.732372 38.935001 0.298227 0.681170 0.668631 -24.713432 0.000000 0.000000 0.000000 1.000000
0.948644 -0.289076 -0.128490 26.562159 0.106664 0.674673 -0.730370 38.913059 0.297821 0.679156 0.670858 -24.746960 0.000000 0.000000 0.000000 1.000000
0.948613 -0.289271 -0.128279 26.539997 0.108094 0.677221 -0.727796 38.895126 0.297404 0.676531 0.673689 -24.782501 0.000000 0.000000 0.000000 1.000000
0.948532 -0.289306 -0.128797 26.506714 0.108550 0.679097 -0.725978 38.864185 0.297496 0.674632 0.675550 -24.826527 0.000000 0.000000 0.000000 1.000000
0.948410 -0.289312 -0.129681 26.475584 0.108561 0.680643 -0.724527 38.832130 0.297881 0.673071 0.676936 -24.871054 0.000000 0.000000 0.000000 1.000000
0.948279 -0.289789 -0.129571 26.464706 0.109967 0.682797 -0.722285 38.807678 0.297781 0.670679 0.679350 -24.914022 0.000000 0.000000 0.000000 1.000000
0.948252 -0.289727 -0.129905 26.441519 0.110647 0.685002 -0.720090 38.780899 0.297615 0.668453 0.681613 -24.957344 0.000000 0.000000 0.000000 1.000000
0.948097 -0.290166 -0.130063 26.419783 0.111743 0.686967 -0.718046 38.755798 0.297701 0.666243 0.683735 -24.995953 0.000000 0.000000 0.000000 1.000000
0.947922 -0.290812 -0.129890 26.399385 0.113083 0.688544 -0.716323 38.730698 0.297751 0.664331 0.685572 -25.032133 0.000000 0.000000 0.000000 1.000000
0.947746 -0.291231 -0.130235 26.369431 0.113836 0.690073 -0.714731 38.704361 0.298024 0.662558 0.687167 -25.068411 0.000000 0.000000 0.000000 1.000000
0.947532 -0.291648 -0.130858 26.339577 0.114392 0.691622 -0.713144 38.680584 0.298491 0.660758 0.688696 -25.098989 0.000000 0.000000 0.000000 1.000000
0.947314 -0.292154 -0.131310 26.323057 0.115074 0.693002 -0.711693 38.661079 0.298922 0.659086 0.690109 -25.123131 0.000000 0.000000 0.000000 1.000000
0.947064 -0.292821 -0.131628 26.309395 0.115774 0.693912 -0.710691 38.640709 0.299444 0.657831 0.691080 -25.144060 0.000000 0.000000 0.000000 1.000000
0.946831 -0.293511 -0.131768 26.293484 0.116637 0.694842 -0.709641 38.627258 0.299846 0.656541 0.692132 -25.157951 0.000000 0.000000 0.000000 1.000000
0.946560 -0.294221 -0.132132 26.275974 0.117175 0.695387 -0.709019 38.611546 0.300491 0.655646 0.692700 -25.168985 0.000000 0.000000 0.000000 1.000000
0.946216 -0.295131 -0.132563 26.256666 0.117853 0.695996 -0.708308 38.604713 0.301307 0.654590 0.693345 -25.173592 0.000000 0.000000 0.000000 1.000000
0.945874 -0.296094 -0.132859 26.237082 0.118698 0.696651 -0.707522 38.601463 0.302050 0.653456 0.694090 -25.170521 0.000000 0.000000 0.000000 1.000000
0.945553 -0.296961 -0.133203 26.218578 0.119408 0.697251 -0.706812 38.598740 0.302772 0.652423 0.694748 -25.163004 0.000000 0.000000 0.000000 1.000000
0.945216 -0.297839 -0.133638 26.200771 0.120020 0.697761 -0.706205 38.596302 0.303583 0.651476 0.695281 -25.154409 0.000000 0.000000 0.000000 1.000000
0.944918 -0.298683 -0.133856 26.184776 0.120716 0.698158 -0.705694 38.597015 0.304232 0.650665 0.695758 -25.141762 0.000000 0.000000 0.000000 1.000000
0.944586 -0.299680 -0.133974 26.170382 0.121604 0.698543 -0.705160 38.599915 0.304909 0.649792 0.696276 -25.128244 0.000000 0.000000 0.000000 1.000000
0.944372 -0.300140 -0.134457 26.162531 0.121799 0.698940 -0.704733 38.594803 0.305495 0.649153 0.696616 -25.119162 0.000000 0.000000 0.000000 1.000000
0.944080 -0.301061 -0.134441 26.155466 0.122661 0.699176 -0.704349 38.586903 0.306050 0.648471 0.697007 -25.110855 0.000000 0.000000 0.000000 1.000000
0.943742 -0.301940 -0.134844 26.152702 0.123142 0.699339 -0.704103 38.579025 0.306899 0.647886 0.697177 -25.105732 0.000000 0.000000 0.000000 1.000000
0.943506 -0.302523 -0.135187 26.156334 0.123554 0.699759 -0.703613 38.563122 0.307457 0.647160 0.697605 -25.114874 0.000000 0.000000 0.000000 1.000000
0.943322 -0.303061 -0.135270 26.166119 0.124156 0.700246 -0.703023 38.529648 0.307781 0.646382 0.698184 -25.150734 0.000000 0.000000 0.000000 1.000000
0.943205 -0.303455 -0.135202 26.183317 0.124867 0.700964 -0.702181 38.477798 0.307852 0.645418 0.699044 -25.220827 0.000000 0.000000 0.000000 1.000000
0.943142 -0.304273 -0.133797 26.204704 0.127137 0.702148 -0.700588 38.412483 0.307115 0.643744 0.700910 -25.331581 0.000000 0.000000 0.000000 1.000000
0.943319 -0.304826 -0.131263 26.235271 0.130524 0.704373 -0.697726 38.343204 0.305143 0.641045 0.704236 -25.487154 0.000000 0.000000 0.000000 1.000000
0.943792 -0.304311 -0.129038 26.282043 0.133562 0.708199 -0.693264 38.281078 0.302352 0.637063 0.709037 -25.694351 0.000000 0.000000 0.000000 1.000000
0.944396 -0.303251 -0.127104 26.340332 0.136862 0.714011 -0.686627 38.202003 0.298974 0.631052 0.715813 -25.987179 0.000000 0.000000 0.000000 1.000000
0.945197 -0.301598 -0.125067 26.411324 0.141364 0.723312 -0.675897 38.110798 0.294311 0.621176 0.726307 -26.372011 0.000000 0.000000 0.000000 1.000000
0.945999 -0.299666 -0.123636 26.494757 0.146956 0.736389 -0.660405 38.013443 0.288945 0.606574 0.740661 -26.834627 0.000000 0.000000 0.000000 1.000000
0.946625 -0.298454 -0.121765 26.586117 0.154807 0.752283 -0.640395 37.875854 0.282730 0.587363 0.758332 -27.366245 0.000000 0.000000 0.000000 1.000000
0.947504 -0.296868 -0.118768 26.692904 0.164545 0.771199 -0.614961 37.723743 0.274156 0.563136 0.779562 -27.943224 0.000000 0.000000 0.000000 1.000000
0.948677 -0.294111 -0.116236 26.818245 0.173831 0.792002 -0.585248 37.594170 0.264187 0.535006 0.802480 -28.523476 0.000000 0.000000 0.000000 1.000000
0.949930 -0.291021 -0.113753 26.958872 0.182861 0.812974 -0.552842 37.489517 0.253367 0.504361 0.825485 -29.094751 0.000000 0.000000 0.000000 1.000000
0.951550 -0.286834 -0.110809 27.121193 0.190724 0.833217 -0.519013 37.414486 0.241198 0.472733 0.847554 -29.637650 0.000000 0.000000 0.000000 1.000000
0.953932 -0.280864 -0.105498 27.307899 0.197756 0.853049 -0.482907 37.392654 0.225626 0.439798 0.869293 -30.123463 0.000000 0.000000 0.000000 1.000000
0.956467 -0.274043 -0.100354 27.517445 0.203199 0.872167 -0.445011 37.384384 0.209478 0.405247 0.889885 -30.551746 0.000000 0.000000 0.000000 1.000000
0.958435 -0.268006 -0.097854 27.733898 0.206850 0.888939 -0.408658 37.379650 0.196510 0.371431 0.907427 -30.894798 0.000000 0.000000 0.000000 1.000000
0.960284 -0.262644 -0.094197 27.950619 0.210399 0.903327 -0.373807 37.428337 0.183269 0.339142 0.922711 -31.138039 0.000000 0.000000 0.000000 1.000000
0.962330 -0.257132 -0.088345 28.171219 0.213466 0.915799 -0.340214 37.517029 0.168386 0.308539 0.936189 -31.302519 0.000000 0.000000 0.000000 1.000000
0.964141 -0.252351 -0.082159 28.387579 0.215923 0.925891 -0.310004 37.622314 0.154301 0.281148 0.947179 -31.401278 0.000000 0.000000 0.000000 1.000000
0.965393 -0.249116 -0.077184 28.591717 0.218111 0.933462 -0.284739 37.739277 0.142982 0.258050 0.955493 -31.453119 0.000000 0.000000 0.000000 1.000000
0.966589 -0.245918 -0.072312 28.790936 0.219425 0.939649 -0.262513 37.865044 0.132504 0.237875 0.962215 -31.462791 0.000000 0.000000 0.000000 1.000000
0.967760 -0.242767 -0.067117 28.982649 0.220156 0.944757 -0.242830 37.992691 0.122360 0.220225 0.967744 -31.423033 0.000000 0.000000 0.000000 1.000000
0.968601 -0.240821 -0.061793 29.155802 0.221397 0.948554 -0.226336 38.127552 0.113120 0.205548 0.972087 -31.355688 0.000000 0.000000 0.000000 1.000000
0.969440 -0.239001 -0.055351 29.316465 0.222498 0.951601 -0.212015 38.253754 0.103344 0.193220 0.975698 -31.285337 0.000000 0.000000 0.000000 1.000000
0.970492 -0.236527 -0.046910 29.466955 0.222979 0.954335 -0.198810 38.370262 0.091791 0.182483 0.978915 -31.214521 0.000000 0.000000 0.000000 1.000000
0.971652 -0.233592 -0.036429 29.604395 0.223004 0.956746 -0.186832 38.484413 0.078496 0.173412 0.981716 -31.142614 0.000000 0.000000 0.000000 1.000000
0.972765 -0.230235 -0.026820 29.738806 0.222142 0.959044 -0.175751 38.599640 0.066186 0.165006 0.984069 -31.069370 0.000000 0.000000 0.000000 1.000000
0.973422 -0.228305 -0.018059 29.869678 0.222203 0.960607 -0.166911 38.700817 0.055455 0.158462 0.985806 -31.004320 0.000000 0.000000 0.000000 1.000000
0.973784 -0.227340 -0.007766 29.999100 0.223181 0.961455 -0.160610 38.775272 0.043979 0.154666 0.986987 -30.952007 0.000000 0.000000 0.000000 1.000000
0.974743 -0.223324 -0.001705 30.147366 0.220396 0.963143 -0.154212 38.840923 0.036081 0.149942 0.988036 -30.909348 0.000000 0.000000 0.000000 1.000000
0.975691 -0.219146 0.001424 30.294954 0.216896 0.964703 -0.149349 38.900940 0.031355 0.146027 0.988784 -30.867128 0.000000 0.000000 0.000000 1.000000
0.976244 -0.216593 0.005992 30.429670 0.215109 0.965495 -0.146790 38.964634 0.026009 0.144592 0.989150 -30.811472 0.000000 0.000000 0.000000 1.000000
0.977584 -0.210022 0.014809 30.584356 0.209885 0.966553 -0.147387 39.132328 0.016641 0.147191 0.988968 -30.586861 0.000000 0.000000 0.000000 1.000000
0.979052 -0.202035 0.025264 30.736618 0.203531 0.967693 -0.148812 39.333420 0.005617 0.150837 0.988543 -30.310589 0.000000 0.000000 0.000000 1.000000
