<?xml version="1.0" encoding="utf-8"?>
<COLLADA xmlns="http://www.collada.org/2005/11/COLLADASchema" version="1.4.1">
  <asset>
    <contributor>
      <author>Mixamo</author>
      <authoring_tool>COLLADA Mixamo exporter</authoring_tool>
      <comments/>
    </contributor>
    <created>2025-08-17T10:56:32Z</created>
    <modified>2025-08-17T10:56:32Z</modified>
    <revision/>
    <title/>
    <unit meter="0.010000"/>
    <up_axis>Y_UP</up_axis>
  </asset>
  <library_animations>
    <animation id="mixamorig_Hips-anim" name="mixamorig_Hips">
      <source id="mixamorig_Hips-Matrix-animation-input">
        <float_array id="mixamorig_Hips-Matrix-animation-input-array" count="81">

0.000000 0.033333 0.066667 0.100000 0.133333 0.166667 0.200000 0.233333 0.266667 0.300000 0.333333 0.366667 0.400000 0.433333 0.466667 0.500000
0.533333 0.566667 0.600000 0.633333 0.666667 0.700000 0.733333 0.766667 0.800000 0.833333 0.866667 0.900000 0.933333 0.966667 1.000000 1.033333
1.066667 1.100000 1.133333 1.166667 1.200000 1.233333 1.266667 1.300000 1.333333 1.366667 1.400000 1.433333 1.466667 1.500000 1.533333 1.566667
1.600000 1.633333 1.666667 1.700000 1.733333 1.766667 1.800000 1.833333 1.866667 1.900000 1.933333 1.966667 2.000000 2.033333 2.066667 2.100000
2.133333 2.166667 2.200000 2.233333 2.266667 2.300000 2.333333 2.366667 2.400000 2.433333 2.466667 2.500000 2.533333 2.566667 2.600000 2.633333
2.666667</float_array>
        <technique_common>
          <accessor source="#mixamorig_Hips-Matrix-animation-input-array" count="81">
            <param name="TIME" type="float"/>
          </accessor>
        </technique_common>
      </source>
      <source id="mixamorig_Hips-Matrix-animation-output-transform">
        <float_array id="mixamorig_Hips-Matrix-animation-output-transform-array" count="1296">

0.990047 0.037684 -0.135598 -0.059424 -0.000689 0.964770 0.263096 78.064980 0.140735 -0.260384 0.955193 0.368844 0.000000 0.000000 0.000000 1.000000
0.990213 0.036202 -0.134788 0.031807 -0.001178 0.967907 0.251306 78.181915 0.139560 -0.248688 0.958477 0.433313 0.000000 0.000000 0.000000 1.000000
0.990333 0.033350 -0.134640 0.045905 -0.001540 0.973250 0.229742 78.328728 0.138701 -0.227314 0.963893 0.692880 0.000000 0.000000 0.000000 1.000000
0.990143 0.031563 -0.136456 0.090694 -0.000871 0.975645 0.219353 78.508629 0.140056 -0.217072 0.966056 1.016163 0.000000 0.000000 0.000000 1.000000
0.988870 0.032847 -0.145114 0.147695 0.000948 0.973916 0.226909 78.703598 0.148782 -0.224521 0.963044 1.338012 0.000000 0.000000 0.000000 1.000000
0.986101 0.036106 -0.162179 0.189737 0.004450 0.970012 0.243016 78.963036 0.166090 -0.240360 0.956369 1.715286 0.000000 0.000000 0.000000 1.000000
0.980892 0.041083 -0.190167 0.207112 0.010948 0.964245 0.264785 79.301857 0.194246 -0.261807 0.945371 2.132380 0.000000 0.000000 0.000000 1.000000
0.974530 0.045900 -0.219511 0.178539 0.020023 0.957112 0.289027 79.659912 0.223363 -0.286060 0.931815 2.499261 0.000000 0.000000 0.000000 1.000000
0.967404 0.049123 -0.248429 0.117693 0.032076 0.949335 0.312626 80.017685 0.251199 -0.310404 0.916814 2.780826 0.000000 0.000000 0.000000 1.000000
0.961219 0.050876 -0.271054 0.043658 0.044095 0.941842 0.333151 80.399033 0.272240 -0.332183 0.903073 2.968371 0.000000 0.000000 0.000000 1.000000
0.957584 0.051272 -0.283558 -0.037193 0.053112 0.935779 0.348563 80.726051 0.283219 -0.348839 0.893364 3.014731 0.000000 0.000000 0.000000 1.000000
0.955567 0.051952 -0.290159 -0.128018 0.057442 0.932657 0.356161 80.999237 0.289123 -0.357003 0.888233 3.004833 0.000000 0.000000 0.000000 1.000000
0.955079 0.052734 -0.291622 -0.213678 0.059854 0.929436 0.364097 81.193657 0.290244 -0.365196 0.884528 2.893510 0.000000 0.000000 0.000000 1.000000
0.955291 0.053849 -0.290722 -0.289719 0.061478 0.925607 0.373459 81.268539 0.289205 -0.374635 0.880914 2.671580 0.000000 0.000000 0.000000 1.000000
0.956079 0.057146 -0.287484 -0.354197 0.060541 0.921159 0.384448 81.213646 0.286788 -0.384967 0.877242 2.262024 0.000000 0.000000 0.000000 1.000000
0.956997 0.061603 -0.283483 -0.411492 0.058303 0.916412 0.395966 81.086151 0.284180 -0.395466 0.873412 1.745720 0.000000 0.000000 0.000000 1.000000
0.957741 0.067499 -0.279601 -0.458959 0.054729 0.911551 0.407528 80.870422 0.282378 -0.405608 0.869336 1.096770 0.000000 0.000000 0.000000 1.000000
0.959024 0.072019 -0.274017 -0.498329 0.051660 0.906491 0.419054 80.606339 0.278574 -0.416038 0.865626 0.368572 0.000000 0.000000 0.000000 1.000000
0.960471 0.075085 -0.268064 -0.526393 0.049598 0.901376 0.430187 80.323067 0.273927 -0.426478 0.862021 -0.447703 0.000000 0.000000 0.000000 1.000000
0.961951 0.077566 -0.261981 -0.551186 0.047086 0.897446 0.438605 80.085175 0.269135 -0.434252 0.859646 -1.257336 0.000000 0.000000 0.000000 1.000000
0.962941 0.079153 -0.257835 -0.565902 0.045588 0.894447 0.444845 79.926865 0.265831 -0.440114 0.857691 -2.042687 0.000000 0.000000 0.000000 1.000000
0.964200 0.079840 -0.252871 -0.588148 0.043649 0.892807 0.448321 79.834755 0.261559 -0.443308 0.857359 -2.826370 0.000000 0.000000 0.000000 1.000000
0.965541 0.080182 -0.247592 -0.611020 0.041542 0.891674 0.450768 79.793304 0.256915 -0.445520 0.857617 -3.591514 0.000000 0.000000 0.000000 1.000000
0.966891 0.080420 -0.242186 -0.628663 0.039363 0.890686 0.452912 79.837143 0.252134 -0.447450 0.858031 -4.302472 0.000000 0.000000 0.000000 1.000000
0.968259 0.080511 -0.236628 -0.638449 0.037071 0.889975 0.454500 79.940094 0.247185 -0.448846 0.858741 -5.033590 0.000000 0.000000 0.000000 1.000000
0.969633 0.080414 -0.230966 -0.637862 0.034734 0.889545 0.455525 80.073425 0.242085 -0.449715 0.859739 -5.697723 0.000000 0.000000 0.000000 1.000000
0.971005 0.080149 -0.225224 -0.593306 0.032351 0.889402 0.455980 80.219131 0.236861 -0.450045 0.861021 -6.374208 0.000000 0.000000 0.000000 1.000000
0.972361 0.079706 -0.219455 -0.529055 0.029965 0.889550 0.455855 80.389099 0.231550 -0.449831 0.862575 -7.056792 0.000000 0.000000 0.000000 1.000000
0.973698 0.079056 -0.213688 -0.453950 0.027626 0.889989 0.455144 80.548927 0.226162 -0.449076 0.864397 -7.676478 0.000000 0.000000 0.000000 1.000000
0.975007 0.078207 -0.207955 -0.356841 0.025351 0.890724 0.453837 80.684006 0.220724 -0.447766 0.866479 -8.307457 0.000000 0.000000 0.000000 1.000000
0.976300 0.076818 -0.202331 -0.219186 0.023194 0.892364 0.450720 80.809013 0.215177 -0.444730 0.869433 -8.898982 0.000000 0.000000 0.000000 1.000000
0.977596 0.075057 -0.196654 -0.063973 0.021220 0.894364 0.446837 80.935791 0.209419 -0.440999 0.872733 -9.452677 0.000000 0.000000 0.000000 1.000000
0.978952 0.072652 -0.190722 0.103959 0.019673 0.896551 0.442504 81.077530 0.203141 -0.436942 0.876251 -9.931811 0.000000 0.000000 0.000000 1.000000
0.980328 0.070159 -0.184483 0.282783 0.018097 0.898802 0.437982 81.225487 0.196542 -0.432704 0.879851 -10.397080 0.000000 0.000000 0.000000 1.000000
0.981466 0.067712 -0.179277 0.461668 0.017099 0.900825 0.433846 81.358078 0.190874 -0.428871 0.882971 -10.791548 0.000000 0.000000 0.000000 1.000000
0.982629 0.063483 -0.174385 0.652420 0.017641 0.903464 0.428301 81.478149 0.184740 -0.423938 0.886650 -11.139837 0.000000 0.000000 0.000000 1.000000
0.983629 0.059227 -0.170193 0.855470 0.018691 0.905820 0.423251 81.580811 0.179232 -0.419503 0.889884 -11.455029 0.000000 0.000000 0.000000 1.000000
0.984518 0.056740 -0.165846 1.044046 0.018130 0.908121 0.418316 81.669479 0.174343 -0.414846 0.893032 -11.710808 0.000000 0.000000 0.000000 1.000000
0.985393 0.054781 -0.161246 1.226114 0.017033 0.910397 0.413386 81.740875 0.169444 -0.410094 0.896165 -11.952613 0.000000 0.000000 0.000000 1.000000
0.986227 0.053279 -0.156584 1.394081 0.015549 0.912641 0.408466 81.800255 0.164668 -0.405275 0.899242 -12.162501 0.000000 0.000000 0.000000 1.000000
0.986995 0.052153 -0.152053 1.537400 0.013831 0.914846 0.403565 81.848907 0.160152 -0.400420 0.902228 -12.277656 0.000000 0.000000 0.000000 1.000000
0.987678 0.051341 -0.147840 1.671154 0.012010 0.917006 0.398692 81.869972 0.156039 -0.395555 0.905090 -12.368494 0.000000 0.000000 0.000000 1.000000
0.988255 0.050757 -0.144137 1.808301 0.010238 0.919114 0.393859 81.874969 0.152470 -0.390709 0.907799 -12.411554 0.000000 0.000000 0.000000 1.000000
0.988709 0.050339 -0.141138 1.906219 0.008641 0.921164 0.389080 81.877098 0.149598 -0.385906 0.910328 -12.402971 0.000000 0.000000 0.000000 1.000000
0.989035 0.050235 -0.138872 1.997173 0.007080 0.923155 0.384363 81.861336 0.147509 -0.381132 0.912677 -12.368502 0.000000 0.000000 0.000000 1.000000
0.989257 0.050529 -0.137178 2.076827 0.005401 0.925092 0.379705 81.817917 0.146088 -0.376366 0.914881 -12.267050 0.000000 0.000000 0.000000 1.000000
0.989397 0.051049 -0.135966 2.139888 0.003719 0.926979 0.375094 81.754044 0.145186 -0.371623 0.916961 -12.012641 0.000000 0.000000 0.000000 1.000000
0.989474 0.051720 -0.135153 2.181780 0.002060 0.928822 0.370521 81.681511 0.144696 -0.366899 0.918938 -11.725345 0.000000 0.000000 0.000000 1.000000
0.989509 0.052384 -0.134642 2.197304 0.000532 0.930624 0.365976 81.603035 0.144472 -0.362208 0.920833 -11.408752 0.000000 0.000000 0.000000 1.000000
0.989525 0.052853 -0.134342 2.191084 -0.000730 0.932391 0.361450 81.540291 0.144363 -0.357566 0.922663 -11.067181 0.000000 0.000000 0.000000 1.000000
0.989538 0.053063 -0.134159 2.172086 -0.001700 0.934129 0.356931 81.479172 0.144261 -0.352968 0.924447 -10.700285 0.000000 0.000000 0.000000 1.000000
0.989534 0.053075 -0.134184 2.141077 -0.002390 0.935801 0.352520 81.404877 0.144280 -0.348509 0.926134 -10.310791 0.000000 0.000000 0.000000 1.000000
0.989486 0.053045 -0.134547 2.099631 -0.002896 0.937390 0.348269 81.351700 0.144597 -0.344218 0.927688 -9.901104 0.000000 0.000000 0.000000 1.000000
0.989407 0.052950 -0.135171 2.048412 -0.003238 0.938928 0.344097 81.309258 0.145135 -0.340014 0.929153 -9.473492 0.000000 0.000000 0.000000 1.000000
0.989303 0.052793 -0.135989 1.988365 -0.003461 0.940449 0.339918 81.278893 0.145836 -0.335811 0.930571 -9.029289 0.000000 0.000000 0.000000 1.000000
0.989185 0.052546 -0.136935 1.920040 -0.003574 0.941981 0.335646 81.271530 0.146628 -0.331527 0.931982 -8.570689 0.000000 0.000000 0.000000 1.000000
0.989066 0.052180 -0.137935 1.844013 -0.003591 0.943555 0.331198 81.274773 0.147431 -0.327081 0.933425 -8.099903 0.000000 0.000000 0.000000 1.000000
0.988953 0.051711 -0.138919 1.761205 -0.003561 0.945196 0.326485 81.280174 0.148189 -0.322383 0.934938 -7.618560 0.000000 0.000000 0.000000 1.000000
0.988859 0.051105 -0.139808 1.672277 -0.003495 0.946930 0.321421 81.274734 0.148814 -0.317352 0.936559 -7.128619 0.000000 0.000000 0.000000 1.000000
0.988762 0.050352 -0.140763 1.577937 -0.003359 0.948819 0.315802 81.284966 0.149459 -0.311780 0.938326 -6.630761 0.000000 0.000000 0.000000 1.000000
0.988640 0.049464 -0.141927 1.479047 -0.003128 0.950860 0.309605 81.318756 0.150267 -0.305644 0.940214 -6.126565 0.000000 0.000000 0.000000 1.000000
0.988506 0.048459 -0.143203 1.376479 -0.002819 0.952980 0.303021 81.359940 0.151153 -0.299134 0.942163 -5.619986 0.000000 0.000000 0.000000 1.000000
0.988373 0.047346 -0.144487 1.270946 -0.002446 0.955110 0.296243 81.384338 0.152027 -0.292445 0.944121 -5.115164 0.000000 0.000000 0.000000 1.000000
0.988253 0.046155 -0.145693 1.163481 -0.002030 0.957187 0.289464 81.386826 0.152816 -0.285768 0.946036 -4.615935 0.000000 0.000000 0.000000 1.000000
0.988161 0.044919 -0.146695 1.054884 -0.001606 0.959154 0.282880 81.272644 0.153410 -0.279296 0.947871 -4.125924 0.000000 0.000000 0.000000 1.000000
0.988105 0.043719 -0.147437 0.946679 -0.001232 0.960959 0.276689 81.117477 0.153777 -0.273216 0.949582 -3.647461 0.000000 0.000000 0.000000 1.000000
0.988094 0.042607 -0.147837 0.839935 -0.000946 0.962554 0.271089 80.928032 0.153851 -0.267722 0.951133 -3.184342 0.000000 0.000000 0.000000 1.000000
0.988152 0.041658 -0.147718 0.736219 -0.000814 0.963870 0.266370 80.706871 0.153477 -0.263094 0.952484 -2.742362 0.000000 0.000000 0.000000 1.000000
0.988264 0.040801 -0.147206 0.635001 -0.000799 0.965037 0.262113 80.468842 0.152754 -0.258919 0.953744 -2.315220 0.000000 0.000000 0.000000 1.000000
0.988469 0.040050 -0.146033 0.538080 -0.000972 0.966048 0.258360 80.212082 0.151422 -0.255239 0.954947 -1.911469 0.000000 0.000000 0.000000 1.000000
0.988723 0.039391 -0.144480 0.445865 -0.001244 0.966913 0.255101 79.945816 0.149748 -0.252045 0.956059 -1.531481 0.000000 0.000000 0.000000 1.000000
0.988999 0.038826 -0.142736 0.358888 -0.001557 0.967618 0.252415 79.675705 0.147914 -0.249416 0.957033 -1.177763 0.000000 0.000000 0.000000 1.000000
0.989268 0.038357 -0.140986 0.278114 -0.001854 0.968145 0.250382 79.408005 0.146099 -0.247433 0.957827 -0.853038 0.000000 0.000000 0.000000 1.000000
0.989504 0.037973 -0.139424 0.204100 -0.002070 0.968481 0.249080 79.148636 0.144488 -0.246177 0.958394 -0.560420 0.000000 0.000000 0.000000 1.000000
0.989682 0.037666 -0.138245 0.137466 -0.002139 0.968606 0.248591 78.903206 0.143269 -0.245730 0.958692 -0.302976 0.000000 0.000000 0.000000 1.000000
0.989804 0.037504 -0.137408 0.079529 -0.002036 0.968339 0.249631 78.677010 0.142419 -0.246806 0.958542 -0.087404 0.000000 0.000000 0.000000 1.000000
0.989885 0.037482 -0.136834 0.037588 -0.001774 0.967666 0.252229 78.501907 0.141864 -0.249435 0.957944 0.058155 0.000000 0.000000 0.000000 1.000000
0.989952 0.037520 -0.136337 -0.000329 -0.001423 0.966750 0.255720 78.336250 0.141398 -0.252956 0.957089 0.183520 0.000000 0.000000 0.000000 1.000000
0.990003 0.037589 -0.135945 -0.031154 -0.001070 0.965808 0.259257 78.196915 0.141042 -0.256519 0.956193 0.281773 0.000000 0.000000 0.000000 1.000000
0.990036 0.037655 -0.135689 -0.051848 -0.000798 0.965069 0.261996 78.100769 0.140815 -0.259277 0.955482 0.345928 0.000000 0.000000 0.000000 1.000000
0.990047 0.037684 -0.135598 -0.059425 -0.000688 0.964770 0.263096 78.064980 0.140735 -0.260384 0.955193 0.368843 0.000000 0.000000 0.000000 1.000000</float_array>
        <technique_common>
          <accessor source="#mixamorig_Hips-Matrix-animation-output-transform-array" count="81" stride="16">
            <param type="float4x4"/>
          </accessor>
        </technique_common>
      </source>
      <source id="mixamorig_Hips-Interpolations">
        <Name_array id="mixamorig_Hips-Interpolations-array" count="81">
 LINEAR LINEAR LINEAR LINEAR LINEAR LINEAR LINEAR LINEAR LINEAR LINEAR LINEAR
LINEAR LINEAR LINEAR LINEAR LINEAR LINEAR LINEAR LINEAR LINEAR LINEAR LINEAR LINEAR
LINEAR LINEAR LINEAR LINEAR LINEAR LINEAR LINEAR LINEAR LINEAR LINEAR LINEAR LINEAR
LINEAR LINEAR LINEAR LINEAR LINEAR LINEAR LINEAR LINEAR LINEAR LINEAR LINEAR LINEAR
LINEAR LINEAR LINEAR LINEAR LINEAR LINEAR LINEAR LINEAR LINEAR LINEAR LINEAR LINEAR
LINEAR LINEAR LINEAR LINEAR LINEAR LINEAR LINEAR LINEAR LINEAR LINEAR LINEAR LINEAR
LINEAR LINEAR LINEAR LINEAR LINEAR LINEAR LINEAR LINEAR LINEAR LINEAR</Name_array>
        <technique_common>
          <accessor source="#mixamorig_Hips-Interpolations-array" count="81">
            <param type="name"/>
          </accessor>
        </technique_common>
      </source>
      <sampler id="mixamorig_Hips-Matrix-animation-transform">
        <input semantic="INPUT" source="#mixamorig_Hips-Matrix-animation-input"/>
        <input semantic="OUTPUT" source="#mixamorig_Hips-Matrix-animation-output-transform"/>
        <input semantic="INTERPOLATION" source="#mixamorig_Hips-Interpolations"/>
      </sampler>
      <channel source="#mixamorig_Hips-Matrix-animation-transform" target="mixamorig_Hips/matrix"/>
    </animation>
    <animation id="mixamorig_Spine-anim" name="mixamorig_Spine">
      <source id="mixamorig_Spine-Matrix-animation-input">
        <float_array id="mixamorig_Spine-Matrix-animation-input-array" count="81">

0.000000 0.033333 0.066667 0.100000 0.133333 0.166667 0.200000 0.233333 0.266667 0.300000 0.333333 0.366667 0.400000 0.433333 0.466667 0.500000
0.533333 0.566667 0.600000 0.633333 0.666667 0.700000 0.733333 0.766667 0.800000 0.833333 0.866667 0.900000 0.933333 0.966667 1.000000 1.033333
1.066667 1.100000 1.133333 1.166667 1.200000 1.233333 1.266667 1.300000 1.333333 1.366667 1.400000 1.433333 1.466667 1.500000 1.533333 1.566667
1.600000 1.633333 1.666667 1.700000 1.733333 1.766667 1.800000 1.833333 1.866667 1.900000 1.933333 1.966667 2.000000 2.033333 2.066667 2.100000
2.133333 2.166667 2.200000 2.233333 2.266667 2.300000 2.333333 2.366667 2.400000 2.433333 2.466667 2.500000 2.533333 2.566667 2.600000 2.633333
2.666667</float_array>
        <technique_common>
          <accessor source="#mixamorig_Spine-Matrix-animation-input-array" count="81">
            <param name="TIME" type="float"/>
          </accessor>
        </technique_common>
      </source>
      <source id="mixamorig_Spine-Matrix-animation-output-transform">
        <float_array id="mixamorig_Spine-Matrix-animation-output-transform-array" count="1296">

0.999630 -0.025379 0.009736 -0.000000 0.025372 0.999678 0.000852 10.682200 -0.009755 -0.000604 0.999952 -0.867500 0.000000 0.000000 0.000000 1.000000
0.999605 -0.026438 0.009493 0.000000 0.026416 0.999648 0.002423 10.682200 -0.009553 -0.002172 0.999952 -0.867500 0.000000 0.000000 0.000000 1.000000
0.999536 -0.029134 0.008939 -0.000000 0.029079 0.999558 0.006129 10.682200 -0.009114 -0.005867 0.999941 -0.867500 0.000000 0.000000 0.000000 1.000000
0.999427 -0.032787 0.008427 0.000000 0.032698 0.999410 0.010517 10.682200 -0.008767 -0.010236 0.999909 -0.867500 0.000000 0.000000 0.000000 1.000000
0.999288 -0.036825 0.008252 0.000000 0.036707 0.999226 0.014112 10.682200 -0.008765 -0.013799 0.999866 -0.867500 0.000000 0.000000 0.000000 1.000000
0.999131 -0.040753 0.008695 0.000000 0.040616 0.999055 0.015456 10.682200 -0.009317 -0.015090 0.999843 -0.867500 0.000000 0.000000 0.000000 1.000000
0.998920 -0.045277 0.010432 0.000000 0.045152 0.998908 0.012001 10.682200 -0.010964 -0.011517 0.999874 -0.867500 0.000000 0.000000 0.000000 1.000000
0.998683 -0.049803 0.012358 -0.000000 0.049695 0.998725 0.008870 10.682200 -0.012784 -0.008244 0.999884 -0.867500 0.000000 0.000000 0.000000 1.000000
0.998435 -0.054104 0.014128 0.000000 0.054006 0.998515 0.007215 10.682200 -0.014497 -0.006441 0.999874 -0.867500 0.000000 0.000000 0.000000 1.000000
0.998193 -0.058223 0.014837 0.000000 0.058115 0.998281 0.007635 10.682200 -0.015256 -0.006759 0.999861 -0.867500 0.000000 0.000000 0.000000 1.000000
0.997981 -0.062114 0.013287 0.000000 0.061962 0.998011 0.011591 10.682200 -0.013980 -0.010745 0.999845 -0.867500 0.000000 0.000000 0.000000 1.000000
0.997709 -0.066839 0.010461 -0.000000 0.066631 0.997595 0.019086 10.682200 -0.011711 -0.018345 0.999763 -0.867500 0.000000 0.000000 0.000000 1.000000
0.997440 -0.071095 0.007623 0.000000 0.070875 0.997146 0.026013 10.682200 -0.009451 -0.025406 0.999633 -0.867500 0.000000 0.000000 0.000000 1.000000
0.997191 -0.074777 0.004304 0.000000 0.074610 0.996738 0.030756 10.682200 -0.006590 -0.030348 0.999518 -0.867500 0.000000 0.000000 0.000000 1.000000
0.996914 -0.078487 0.001137 0.000000 0.078407 0.996368 0.033221 10.682200 -0.003741 -0.033029 0.999447 -0.867500 0.000000 0.000000 0.000000 1.000000
0.996623 -0.082095 -0.001793 0.000000 0.082109 0.996055 0.033647 10.682200 -0.000977 -0.033680 0.999432 -0.867500 0.000000 0.000000 0.000000 1.000000
0.996340 -0.085378 -0.004156 0.000000 0.085465 0.995881 0.030265 10.682200 0.001554 -0.030509 0.999533 -0.867500 0.000000 0.000000 0.000000 1.000000
0.996183 -0.087037 -0.006572 0.000000 0.087177 0.995873 0.025240 10.682200 0.004349 -0.025716 0.999660 -0.867500 0.000000 0.000000 0.000000 1.000000
0.996140 -0.087321 -0.008918 0.000000 0.087480 0.995979 0.019291 10.682200 0.007198 -0.019996 0.999774 -0.867500 0.000000 0.000000 0.000000 1.000000
0.996146 -0.087012 -0.011039 -0.000000 0.087168 0.996087 0.014576 10.682200 0.009728 -0.015483 0.999833 -0.867500 0.000000 0.000000 0.000000 1.000000
0.996166 -0.086553 -0.012741 0.000000 0.086697 0.996172 0.011196 10.682200 0.011724 -0.012257 0.999856 -0.867500 0.000000 0.000000 0.000000 1.000000
0.996226 -0.085619 -0.014231 0.000000 0.085750 0.996277 0.008848 10.682200 0.013420 -0.010035 0.999860 -0.867500 0.000000 0.000000 0.000000 1.000000
0.996312 -0.084411 -0.015430 0.000000 0.084527 0.996397 0.007006 10.682200 0.014783 -0.008284 0.999856 -0.867500 0.000000 0.000000 0.000000 1.000000
0.996432 -0.082869 -0.015980 0.000000 0.082968 0.996536 0.005637 10.682200 0.015458 -0.006943 0.999856 -0.867500 0.000000 0.000000 0.000000 1.000000
0.996555 -0.081323 -0.016279 -0.000000 0.081408 0.996670 0.004677 10.682200 0.015844 -0.005987 0.999857 -0.867500 0.000000 0.000000 0.000000 1.000000
0.996685 -0.079681 -0.016447 -0.000000 0.079752 0.996808 0.003704 10.682200 0.016099 -0.005004 0.999858 -0.867500 0.000000 0.000000 0.000000 1.000000
0.996809 -0.078084 -0.016557 0.000000 0.078125 0.996942 0.001871 10.682200 0.016360 -0.003159 0.999861 -0.867500 0.000000 0.000000 0.000000 1.000000
0.996938 -0.076407 -0.016631 -0.000000 0.076424 0.997075 0.000347 10.682200 0.016556 -0.001617 0.999862 -0.867500 0.000000 0.000000 0.000000 1.000000
0.997068 -0.074690 -0.016664 0.000000 0.074673 0.997207 -0.001665 10.682200 0.016742 0.000415 0.999860 -0.867500 0.000000 0.000000 0.000000 1.000000
0.997142 -0.073735 -0.016459 -0.000000 0.073670 0.997273 -0.004499 10.682200 0.016746 0.003273 0.999854 -0.867500 0.000000 0.000000 0.000000 1.000000
0.997102 -0.074243 -0.016611 0.000000 0.074137 0.997224 -0.006897 10.682200 0.017077 0.005645 0.999838 -0.867500 0.000000 0.000000 0.000000 1.000000
0.997035 -0.075095 -0.016820 0.000000 0.074949 0.997145 -0.009140 10.682200 0.017459 0.007852 0.999817 -0.867500 0.000000 0.000000 0.000000 1.000000
0.997001 -0.075521 -0.016872 0.000000 0.075335 0.997094 -0.011354 10.682200 0.017680 0.010048 0.999793 -0.867500 0.000000 0.000000 0.000000 1.000000
0.996913 -0.076680 -0.016847 -0.000000 0.076453 0.996979 -0.013723 10.682200 0.017848 0.012393 0.999764 -0.867500 0.000000 0.000000 0.000000 1.000000
0.996810 -0.078064 -0.016612 -0.000000 0.077785 0.996828 -0.016831 10.682200 0.017873 0.015485 0.999720 -0.867500 0.000000 0.000000 0.000000 1.000000
0.996756 -0.078796 -0.016408 0.000000 0.078486 0.996738 -0.018795 10.682200 0.017836 0.017446 0.999689 -0.867500 0.000000 0.000000 0.000000 1.000000
0.996732 -0.079176 -0.016031 0.000000 0.078812 0.996642 -0.022217 10.682200 0.017736 0.020881 0.999625 -0.867500 0.000000 0.000000 0.000000 1.000000
0.996676 -0.079972 -0.015569 0.000000 0.079570 0.996518 -0.024897 10.682200 0.017505 0.023576 0.999569 -0.867500 0.000000 0.000000 0.000000 1.000000
0.996595 -0.081060 -0.015090 -0.000000 0.080617 0.996354 -0.027925 10.682200 0.017299 0.026613 0.999496 -0.867500 0.000000 0.000000 0.000000 1.000000
0.996521 -0.082022 -0.014742 -0.000000 0.081555 0.996220 -0.029915 10.682200 0.017140 0.028609 0.999444 -0.867500 0.000000 0.000000 0.000000 1.000000
0.996505 -0.082294 -0.014338 0.000000 0.081815 0.996156 -0.031311 10.682200 0.016860 0.030029 0.999407 -0.867500 0.000000 0.000000 0.000000 1.000000
0.996508 -0.082288 -0.014188 0.000000 0.081784 0.996102 -0.033050 10.682200 0.016852 0.031774 0.999353 -0.867500 0.000000 0.000000 0.000000 1.000000
0.996512 -0.082295 -0.013812 -0.000000 0.081775 0.996047 -0.034695 10.682200 0.016613 0.033444 0.999303 -0.867500 0.000000 0.000000 0.000000 1.000000
0.996538 -0.082015 -0.013622 0.000000 0.081475 0.996013 -0.036335 10.682200 0.016548 0.035100 0.999247 -0.867500 0.000000 0.000000 0.000000 1.000000
0.996623 -0.081062 -0.013075 0.000000 0.080506 0.996006 -0.038600 10.682200 0.016152 0.037417 0.999169 -0.867500 0.000000 0.000000 0.000000 1.000000
0.996705 -0.080132 -0.012584 0.000000 0.079574 0.996031 -0.039871 10.682200 0.015729 0.038738 0.999126 -0.867500 0.000000 0.000000 0.000000 1.000000
0.996787 -0.079149 -0.012275 -0.000000 0.078575 0.996033 -0.041767 10.682200 0.015532 0.040668 0.999052 -0.867500 0.000000 0.000000 0.000000 1.000000
0.996891 -0.077882 -0.011957 -0.000000 0.077297 0.996063 -0.043398 10.682200 0.015290 0.042339 0.998986 -0.867500 0.000000 0.000000 0.000000 1.000000
0.997036 -0.076054 -0.011631 -0.000000 0.075464 0.996145 -0.044725 10.682200 0.014987 0.043714 0.998932 -0.867500 0.000000 0.000000 0.000000 1.000000
0.997218 -0.073702 -0.011166 0.000000 0.073116 0.996260 -0.046035 10.682200 0.014517 0.045090 0.998877 -0.867500 0.000000 0.000000 0.000000 1.000000
0.997424 -0.070923 -0.010781 0.000000 0.070342 0.996412 -0.047074 10.682200 0.014081 0.046195 0.998833 -0.867500 0.000000 0.000000 0.000000 1.000000
0.997638 -0.067898 -0.010445 0.000000 0.067324 0.996578 -0.047960 10.682200 0.013665 0.047143 0.998795 -0.867500 0.000000 0.000000 0.000000 1.000000
0.997829 -0.065161 -0.009570 0.000000 0.064624 0.996729 -0.048533 10.682200 0.012701 0.047809 0.998776 -0.867500 0.000000 0.000000 0.000000 1.000000
0.998033 -0.062117 -0.008451 -0.000000 0.061627 0.996880 -0.049316 10.682200 0.011488 0.048698 0.998747 -0.867500 0.000000 0.000000 0.000000 1.000000
0.998212 -0.059342 -0.007160 -0.000000 0.058914 0.997019 -0.049832 10.682200 0.010096 0.049321 0.998732 -0.867500 0.000000 0.000000 0.000000 1.000000
0.998391 -0.056413 -0.005739 -0.000000 0.056054 0.997161 -0.050268 10.682200 0.008558 0.049866 0.998719 -0.867500 0.000000 0.000000 0.000000 1.000000
0.998565 -0.053386 -0.004207 0.000000 0.053104 0.997301 -0.050707 10.682200 0.006903 0.050411 0.998705 -0.867500 0.000000 0.000000 0.000000 1.000000
0.998720 -0.050505 -0.002663 -0.000000 0.050304 0.997439 -0.050844 10.682200 0.005224 0.050645 0.998703 -0.867500 0.000000 0.000000 0.000000 1.000000
0.998863 -0.047655 -0.001101 0.000000 0.047536 0.997552 -0.051285 10.682200 0.003542 0.051174 0.998683 -0.867500 0.000000 0.000000 0.000000 1.000000
0.998980 -0.045151 0.000418 0.000000 0.045113 0.997677 -0.051047 10.682200 0.001888 0.051013 0.998696 -0.867500 0.000000 0.000000 0.000000 1.000000
0.999087 -0.042677 0.002076 0.000000 0.042727 0.997813 -0.050442 10.682200 0.000081 0.050485 0.998725 -0.867500 0.000000 0.000000 0.000000 1.000000
0.999177 -0.040381 0.003716 -0.000000 0.040515 0.997973 -0.049081 10.682200 -0.001727 0.049191 0.998788 -0.867500 0.000000 0.000000 0.000000 1.000000
0.999240 -0.038616 0.005278 -0.000000 0.038823 0.998122 -0.047392 10.682200 -0.003438 0.047561 0.998862 -0.867500 0.000000 0.000000 0.000000 1.000000
0.999295 -0.036953 0.006600 -0.000000 0.037216 0.998265 -0.045623 10.682200 -0.004903 0.045836 0.998937 -0.867500 0.000000 0.000000 0.000000 1.000000
0.999345 -0.035353 0.007671 0.000000 0.035653 0.998431 -0.043182 10.682200 -0.006133 0.043427 0.999038 -0.867500 0.000000 0.000000 0.000000 1.000000
0.999391 -0.033811 0.008629 -0.000000 0.034135 0.998592 -0.040598 10.682200 -0.007244 0.040868 0.999138 -0.867500 0.000000 0.000000 0.000000 1.000000
0.999432 -0.032338 0.009431 -0.000000 0.032673 0.998750 -0.037831 10.682200 -0.008196 0.038118 0.999240 -0.867500 0.000000 0.000000 0.000000 1.000000
0.999459 -0.031345 0.009949 0.000000 0.031664 0.998929 -0.033741 10.682200 -0.008880 0.034038 0.999381 -0.867500 0.000000 0.000000 0.000000 1.000000
0.999481 -0.030531 0.010299 0.000000 0.030821 0.999096 -0.029279 10.682200 -0.009396 0.029582 0.999518 -0.867500 0.000000 0.000000 0.000000 1.000000
0.999503 -0.029765 0.010425 0.000000 0.030018 0.999236 -0.025015 10.682200 -0.009672 0.025316 0.999633 -0.867500 0.000000 0.000000 0.000000 1.000000
0.999526 -0.028946 0.010531 0.000000 0.029158 0.999364 -0.020534 10.682200 -0.009930 0.020832 0.999734 -0.867500 0.000000 0.000000 0.000000 1.000000
0.999546 -0.028253 0.010488 -0.000000 0.028423 0.999460 -0.016468 10.682200 -0.010017 0.016759 0.999809 -0.867500 0.000000 0.000000 0.000000 1.000000
0.999557 -0.027936 0.010309 0.000000 0.028065 0.999527 -0.012551 10.682200 -0.009954 0.012835 0.999868 -0.867500 0.000000 0.000000 0.000000 1.000000
0.999573 -0.027402 0.010144 0.000000 0.027494 0.999580 -0.009112 10.682200 -0.009890 0.009387 0.999907 -0.867500 0.000000 0.000000 0.000000 1.000000
0.999588 -0.026913 0.009996 -0.000000 0.026975 0.999617 -0.006141 10.682200 -0.009827 0.006409 0.999931 -0.867500 0.000000 0.000000 0.000000 1.000000
0.999599 -0.026518 0.009891 -0.000000 0.026560 0.999638 -0.004186 10.682200 -0.009776 0.004447 0.999942 -0.867500 0.000000 0.000000 0.000000 1.000000
0.999608 -0.026198 0.009830 -0.000000 0.026225 0.999652 -0.002712 10.682200 -0.009756 0.002968 0.999948 -0.867500 0.000000 0.000000 0.000000 1.000000
0.999617 -0.025889 0.009787 -0.000000 0.025903 0.999664 -0.001346 10.682200 -0.009748 0.001599 0.999951 -0.867500 0.000000 0.000000 0.000000 1.000000
0.999624 -0.025627 0.009757 0.000000 0.025630 0.999671 -0.000212 10.682200 -0.009749 0.000462 0.999952 -0.867500 0.000000 0.000000 0.000000 1.000000
0.999629 -0.025446 0.009741 0.000000 0.025442 0.999676 0.000564 10.682200 -0.009752 -0.000316 0.999952 -0.867500 0.000000 0.000000 0.000000 1.000000
0.999630 -0.025379 0.009736 0.000000 0.025372 0.999678 0.000852 10.682200 -0.009755 -0.000604 0.999952 -0.867500 0.000000 0.000000 0.000000 1.000000</float_array>
        <technique_common>
          <accessor source="#mixamorig_Spine-Matrix-animation-output-transform-array" count="81" stride="16">
            <param type="float4x4"/>
          </accessor>
        </technique_common>
      </source>
      <source id="mixamorig_Spine-Interpolations">
        <Name_array id="mixamorig_Spine-Interpolations-array" count="81">
 LINEAR LINEAR LINEAR LINEAR LINEAR LINEAR LINEAR LINEAR LINEAR LINEAR LINEAR
LINEAR LINEAR LINEAR LINEAR LINEAR LINEAR LINEAR LINEAR LINEAR LINEAR LINEAR LINEAR
LINEAR LINEAR LINEAR LINEAR LINEAR LINEAR LINEAR LINEAR LINEAR LINEAR LINEAR LINEAR
LINEAR LINEAR LINEAR LINEAR LINEAR LINEAR LINEAR LINEAR LINEAR LINEAR LINEAR LINEAR
LINEAR LINEAR LINEAR LINEAR LINEAR LINEAR LINEAR LINEAR LINEAR LINEAR LINEAR LINEAR
LINEAR LINEAR LINEAR LINEAR LINEAR LINEAR LINEAR LINEAR LINEAR LINEAR LINEAR LINEAR
LINEAR LINEAR LINEAR LINEAR LINEAR LINEAR LINEAR LINEAR LINEAR LINEAR</Name_array>
        <technique_common>
          <accessor source="#mixamorig_Spine-Interpolations-array" count="81">
            <param type="name"/>
          </accessor>
        </technique_common>
      </source>
      <sampler id="mixamorig_Spine-Matrix-animation-transform">
        <input semantic="INPUT" source="#mixamorig_Spine-Matrix-animation-input"/>
        <input semantic="OUTPUT" source="#mixamorig_Spine-Matrix-animation-output-transform"/>
        <input semantic="INTERPOLATION" source="#mixamorig_Spine-Interpolations"/>
      </sampler>
      <channel source="#mixamorig_Spine-Matrix-animation-transform" target="mixamorig_Spine/matrix"/>
    </animation>
    <animation id="mixamorig_Spine1-anim" name="mixamorig_Spine1">
      <source id="mixamorig_Spine1-Matrix-animation-input">
        <float_array id="mixamorig_Spine1-Matrix-animation-input-array" count="81">

0.000000 0.033333 0.066667 0.100000 0.133333 0.166667 0.200000 0.233333 0.266667 0.300000 0.333333 0.366667 0.400000 0.433333 0.466667 0.500000
0.533333 0.566667 0.600000 0.633333 0.666667 0.700000 0.733333 0.766667 0.800000 0.833333 0.866667 0.900000 0.933333 0.966667 1.000000 1.033333
1.066667 1.100000 1.133333 1.166667 1.200000 1.233333 1.266667 1.300000 1.333333 1.366667 1.400000 1.433333 1.466667 1.500000 1.533333 1.566667
1.600000 1.633333 1.666667 1.700000 1.733333 1.766667 1.800000 1.833333 1.866667 1.900000 1.933333 1.966667 2.000000 2.033333 2.066667 2.100000
2.133333 2.166667 2.200000 2.233333 2.266667 2.300000 2.333333 2.366667 2.400000 2.433333 2.466667 2.500000 2.533333 2.566667 2.600000 2.633333
2.666667</float_array>
        <technique_common>
          <accessor source="#mixamorig_Spine1-Matrix-animation-input-array" count="81">
            <param name="TIME" type="float"/>
          </accessor>
        </technique_common>
      </source>
      <source id="mixamorig_Spine1-Matrix-animation-output-transform">
        <float_array id="mixamorig_Spine1-Matrix-animation-output-transform-array" count="1296">

0.999377 -0.015598 0.031672 -0.000000 0.014378 0.999160 0.038383 12.503600 -0.032244 -0.037903 0.998761 -0.000000 0.000000 0.000000 0.000000 1.000000
0.999364 -0.016517 0.031605 -0.000000 0.015165 0.998979 0.042552 12.503600 -0.032276 -0.042046 0.998594 -0.000000 0.000000 0.000000 0.000000 1.000000
0.999328 -0.018889 0.031412 -0.000000 0.017217 0.998463 0.052681 12.503600 -0.032359 -0.052105 0.998117 0.000000 0.000000 0.000000 0.000000 1.000000
0.999266 -0.022131 0.031277 0.000000 0.020055 0.997670 0.065207 12.503600 -0.032647 -0.064532 0.997382 0.000000 0.000000 0.000000 0.000000 1.000000
0.999173 -0.025663 0.031551 0.000000 0.023184 0.996794 0.076576 12.503600 -0.033415 -0.075781 0.996564 0.000000 0.000000 0.000000 0.000000 1.000000
0.999054 -0.028904 0.032503 -0.000000 0.026113 0.996186 0.083251 12.503600 -0.034785 -0.082323 0.995998 0.000000 0.000000 0.000000 0.000000 1.000000
0.998869 -0.032047 0.035133 0.000000 0.029130 0.996321 0.080600 12.503600 -0.037587 -0.079486 0.996127 0.000000 0.000000 0.000000 0.000000 1.000000
0.998679 -0.034764 0.037844 0.000000 0.031738 0.996462 0.077825 12.503600 -0.040416 -0.076521 0.996249 -0.000000 0.000000 0.000000 0.000000 1.000000
0.998515 -0.036745 0.040230 0.000000 0.033624 0.996565 0.075682 12.503600 -0.042873 -0.074217 0.996320 0.000000 0.000000 0.000000 0.000000 1.000000
0.998439 -0.038411 0.040553 0.000000 0.035371 0.996691 0.073187 12.503600 -0.043230 -0.071638 0.996493 0.000000 0.000000 0.000000 0.000000 1.000000
0.998521 -0.039994 0.036834 -0.000000 0.037232 0.996647 0.072863 12.503600 -0.039625 -0.071384 0.996662 0.000000 0.000000 0.000000 0.000000 1.000000
0.998601 -0.042807 0.031031 0.000000 0.040439 0.996489 0.073314 12.503600 -0.034060 -0.071956 0.996826 0.000000 0.000000 0.000000 0.000000 1.000000
0.998666 -0.045923 0.023617 0.000000 0.044060 0.996275 0.074129 12.503600 -0.026934 -0.072989 0.996969 0.000000 0.000000 0.000000 0.000000 1.000000
0.998668 -0.048870 0.016559 0.000000 0.047478 0.995974 0.076036 12.503600 -0.020209 -0.075149 0.996968 -0.000000 0.000000 0.000000 0.000000 1.000000
0.998553 -0.052613 0.011086 0.000000 0.051598 0.995648 0.077604 12.503600 -0.015121 -0.076920 0.996923 0.000000 0.000000 0.000000 0.000000 1.000000
0.998374 -0.056588 0.006838 0.000000 0.055888 0.995412 0.077663 12.503600 -0.011201 -0.077154 0.996956 -0.000000 0.000000 0.000000 0.000000 1.000000
0.998157 -0.060495 0.004717 0.000000 0.059985 0.995483 0.073587 12.503600 -0.009147 -0.073168 0.997278 0.000000 0.000000 0.000000 0.000000 1.000000
0.998058 -0.062275 0.001396 -0.000000 0.062046 0.995875 0.066214 12.503600 -0.005514 -0.065998 0.997804 0.000000 0.000000 0.000000 0.000000 1.000000
0.998005 -0.063070 -0.002719 0.000000 0.063122 0.996349 0.057484 12.503600 -0.000916 -0.057541 0.998343 -0.000000 0.000000 0.000000 0.000000 1.000000
0.997944 -0.063813 -0.006023 0.000000 0.064033 0.996718 0.049524 12.503600 0.002843 -0.049808 0.998755 0.000000 0.000000 0.000000 0.000000 1.000000
0.997906 -0.064122 -0.008523 0.000000 0.064430 0.996999 0.042904 12.503600 0.005746 -0.043364 0.999043 0.000000 0.000000 0.000000 0.000000 1.000000
0.997868 -0.064387 -0.010649 -0.000000 0.064744 0.997193 0.037608 12.503600 0.008198 -0.038217 0.999236 0.000000 0.000000 0.000000 0.000000 1.000000
0.997845 -0.064465 -0.012209 0.000000 0.064839 0.997345 0.033145 12.503600 0.010040 -0.033865 0.999376 0.000000 0.000000 0.000000 0.000000 1.000000
0.997872 -0.064009 -0.012448 0.000000 0.064356 0.997480 0.029854 12.503600 0.010506 -0.030592 0.999477 -0.000000 0.000000 0.000000 0.000000 1.000000
0.997909 -0.063442 -0.012345 0.000000 0.063753 0.997610 0.026652 12.503600 0.010625 -0.027383 0.999569 -0.000000 0.000000 0.000000 0.000000 1.000000
0.997961 -0.062691 -0.012018 -0.000000 0.062963 0.997732 0.023801 12.503600 0.010499 -0.024509 0.999644 0.000000 0.000000 0.000000 0.000000 1.000000
0.998002 -0.062005 -0.012104 -0.000000 0.062238 0.997864 0.019855 12.503600 0.010847 -0.020569 0.999730 0.000000 0.000000 0.000000 0.000000 1.000000
0.998052 -0.061194 -0.012123 0.000000 0.061387 0.997982 0.016226 12.503600 0.011105 -0.016939 0.999795 0.000000 0.000000 0.000000 0.000000 1.000000
0.998076 -0.060808 -0.012078 0.000000 0.060967 0.998052 0.013206 12.503600 0.011252 -0.013917 0.999840 0.000000 0.000000 0.000000 0.000000 1.000000
0.998139 -0.059855 -0.011668 0.000000 0.059965 0.998156 0.009396 12.503600 0.011084 -0.010079 0.999888 0.000000 0.000000 0.000000 0.000000 1.000000
0.998135 -0.059818 -0.012156 0.000000 0.059884 0.998193 0.005064 12.503600 0.011831 -0.005782 0.999913 0.000000 0.000000 0.000000 0.000000 1.000000
0.998098 -0.060296 -0.012828 -0.000000 0.060314 0.998179 0.000996 12.503600 0.012745 -0.001768 0.999917 0.000000 0.000000 0.000000 0.000000 1.000000
0.998028 -0.061380 -0.013155 0.000000 0.061363 0.998114 -0.001753 12.503600 0.013238 0.000942 0.999912 0.000000 0.000000 0.000000 0.000000 1.000000
0.997925 -0.063010 -0.013267 -0.000000 0.062952 0.998005 -0.004717 12.503600 0.013538 0.003872 0.999901 0.000000 0.000000 0.000000 0.000000 1.000000
0.997830 -0.064516 -0.013129 0.000000 0.064416 0.997892 -0.007926 12.503600 0.013612 0.007063 0.999882 0.000000 0.000000 0.000000 0.000000 1.000000
0.997773 -0.065481 -0.012713 0.000000 0.065356 0.997812 -0.009969 12.503600 0.013338 0.009116 0.999869 -0.000000 0.000000 0.000000 0.000000 1.000000
0.997748 -0.065857 -0.012687 -0.000000 0.065675 0.997739 -0.014243 12.503600 0.013596 0.013378 0.999818 -0.000000 0.000000 0.000000 0.000000 1.000000
0.997732 -0.066196 -0.012204 -0.000000 0.065977 0.997667 -0.017562 12.503600 0.013338 0.016717 0.999771 -0.000000 0.000000 0.000000 0.000000 1.000000
0.997728 -0.066328 -0.011773 0.000000 0.066064 0.997583 -0.021529 12.503600 0.013172 0.020702 0.999699 0.000000 0.000000 0.000000 0.000000 1.000000
0.997738 -0.066232 -0.011483 0.000000 0.065943 0.997536 -0.023926 12.503600 0.013039 0.023115 0.999648 0.000000 0.000000 0.000000 0.000000 1.000000
0.997774 -0.065764 -0.011070 -0.000000 0.065452 0.997504 -0.026494 12.503600 0.012784 0.025710 0.999588 0.000000 0.000000 0.000000 0.000000 1.000000
0.997823 -0.065013 -0.011086 0.000000 0.064672 0.997492 -0.028752 12.503600 0.012927 0.027972 0.999525 -0.000000 0.000000 0.000000 0.000000 1.000000
0.997888 -0.064086 -0.010570 0.000000 0.063734 0.997490 -0.030841 12.503600 0.012520 0.030102 0.999468 -0.000000 0.000000 0.000000 0.000000 1.000000
0.997964 -0.062921 -0.010416 0.000000 0.062548 0.997499 -0.032913 12.503600 0.012461 0.032195 0.999404 -0.000000 0.000000 0.000000 0.000000 1.000000
0.998061 -0.061522 -0.009414 0.000000 0.061162 0.997525 -0.034682 12.503600 0.011524 0.034039 0.999354 -0.000000 0.000000 0.000000 0.000000 1.000000
0.998143 -0.060321 -0.008529 0.000000 0.059966 0.997510 -0.037124 12.503600 0.010747 0.036543 0.999274 0.000000 0.000000 0.000000 0.000000 1.000000
0.998219 -0.059111 -0.008017 0.000000 0.058746 0.997477 -0.039857 12.503600 0.010353 0.039315 0.999173 0.000000 0.000000 0.000000 0.000000 1.000000
0.998308 -0.057672 -0.007412 -0.000000 0.057313 0.997474 -0.041960 12.503600 0.009813 0.041464 0.999092 -0.000000 0.000000 0.000000 0.000000 1.000000
0.998418 -0.055840 -0.006626 -0.000000 0.055500 0.997509 -0.043540 12.503600 0.009040 0.043103 0.999030 -0.000000 0.000000 0.000000 0.000000 1.000000
0.998556 -0.053449 -0.005310 -0.000000 0.053157 0.997568 -0.045088 12.503600 0.007707 0.044741 0.998969 -0.000000 0.000000 0.000000 0.000000 1.000000
0.998691 -0.050984 -0.004139 0.000000 0.050737 0.997634 -0.046392 12.503600 0.006495 0.046122 0.998915 0.000000 0.000000 0.000000 0.000000 1.000000
0.998824 -0.048340 -0.003622 -0.000000 0.048113 0.997705 -0.047646 12.503600 0.005917 0.047416 0.998858 0.000000 0.000000 0.000000 0.000000 1.000000
0.998930 -0.046193 -0.002208 -0.000000 0.046035 0.997805 -0.047610 12.503600 0.004402 0.047457 0.998864 0.000000 0.000000 0.000000 0.000000 1.000000
0.999046 -0.043669 -0.000530 -0.000000 0.043595 0.997928 -0.047321 12.503600 0.002596 0.047252 0.998880 0.000000 0.000000 0.000000 0.000000 1.000000
